Starting log at 2020-10-08 23:52:23.920301

{
	Count : 14
	Injected : [[[[-3.79251875e-03 -1.86568173e-03  8.37387792e-33 ... -2.31147769e-05
    -8.39842251e-04  1.38942758e-03]
   [-2.58313641e-02 -5.23914630e-03  6.30896781e-33 ...  3.62032396e-03
    -9.86931729e-04  2.06911890e-03]
   [ 2.39259183e-33  6.49945520e-33  4.22830902e-33 ...  5.19485814e-33
    -9.69449513e-33 -5.40261318e-33]
   ...
   [-4.19592963e-13 -1.48418668e-17  5.92054481e-33 ...  3.89976018e-33
     2.11279894e-30  5.40985536e-23]
   [ 2.27979943e-03 -4.81313746e-03  5.32222663e-33 ... -5.46830299e-04
    -1.12804398e-02 -7.37823592e-03]
   [ 4.37222701e-03 -3.57632078e-02 -5.46219678e-33 ...  3.68974498e-03
    -4.28689308e-02 -5.15192263e-02]]

  [[-6.89050369e-03  3.62622086e-04  7.54760531e-33 ...  4.27345745e-04
     3.08032241e-03  6.92800572e-03]
   [-3.35414968e-02 -5.55004692e-03  9.93822801e-34 ...  3.69763421e-03
     1.06411474e-02  1.40315257e-02]
   [-6.46957854e-33 -7.09338034e-33 -5.85261593e-33 ...  2.30898664e-33
    -3.75538707e-33 -6.67321714e-34]
   ...
   [-4.98825699e-13 -1.06267860e-17 -8.30474086e-34 ...  4.00087841e-33
     9.63018838e-30  6.14901614e-23]
   [-7.95063656e-03 -2.33431277e-03  3.85041623e-34 ...  1.59030245e-03
    -5.88664692e-03 -5.40769506e-05]
   [ 2.84392647e-02 -2.68572941e-03 -6.46910173e-33 ...  1.03112524e-02
     5.05635794e-03  4.19154838e-02]]

  [[-7.15857139e-03  4.14642179e-03 -6.26307504e-33 ...  4.92926105e-04
     5.87538537e-03  9.72573459e-03]
   [-3.93641777e-02 -7.61596253e-03  8.03163348e-33 ...  2.51787342e-03
     1.94408856e-02  2.65561137e-02]
   [ 3.53169857e-33 -3.11666825e-33 -1.10572670e-32 ... -4.36521113e-33
    -7.94083995e-34 -5.56210462e-33]
   ...
   [-3.45126407e-13 -5.18519366e-18  1.16767496e-32 ...  3.89507547e-33
     2.35041502e-28  2.28711501e-22]
   [-1.73938088e-02 -6.41851977e-04  7.90723899e-33 ...  2.61402596e-03
     4.65395115e-03  8.53252783e-03]
   [-1.32156396e-03  8.27836245e-03 -9.03219076e-33 ...  1.09972795e-02
     1.21154753e-03  1.87267382e-02]]]


 [[[-6.16452890e-03  1.87025653e-04  9.16626103e-33 ...  1.71027926e-03
    -6.40612422e-03 -2.30649114e-03]
   [ 1.62817445e-02 -5.17313951e-04  7.24252118e-33 ...  3.56584533e-05
    -8.04766454e-03 -1.93632245e-02]
   [-6.04752060e-33  5.80826820e-33  9.49115628e-34 ...  2.30388517e-33
     4.21609967e-34 -2.75531798e-33]
   ...
   [-1.29404281e-16 -2.69473970e-17  4.91300399e-33 ...  3.04898549e-33
     2.82246227e-27  4.03554925e-21]
   [-4.82782861e-03  1.17148808e-03  7.93167311e-33 ...  4.04530577e-03
    -1.62844025e-02 -1.11593595e-02]
   [-3.04566529e-02  7.15637393e-03 -2.98695319e-33 ...  5.00089023e-03
    -3.91204096e-02 -3.06482594e-02]]

  [[-1.14510255e-02  1.73729472e-03  8.47050209e-33 ...  1.69835251e-03
    -1.83771248e-03  3.15282587e-03]
   [ 9.46293306e-03 -9.71795889e-05  4.78855917e-33 ... -3.46414163e-04
    -4.91920859e-03 -6.48669293e-03]
   [ 1.05232091e-33 -3.50878158e-33  2.54843832e-33 ... -3.50802595e-33
    -4.50543585e-33 -2.14080113e-34]
   ...
   [-1.71583332e-16 -2.15784174e-17  8.22167785e-33 ...  4.56735318e-33
     2.32641687e-27  5.33712360e-21]
   [-1.44475894e-02  1.60789164e-03 -1.40136853e-33 ...  4.71120840e-03
    -1.02771102e-02 -8.77836253e-03]
   [-4.48736623e-02  1.12218857e-02 -3.44690282e-33 ...  4.95476462e-03
     1.02973050e-02  4.98454981e-02]]

  [[-1.27774887e-02  2.80114589e-03  1.09335742e-33 ...  1.22287311e-03
     1.80263829e-03  7.25789322e-03]
   [ 2.85159308e-03  1.80960132e-03  4.54415994e-33 ... -7.58730341e-04
     3.50228953e-03  6.49257703e-03]
   [ 8.78099937e-33  5.47168376e-33  3.23069745e-33 ...  9.37153835e-33
     8.53731149e-34 -6.56248447e-33]
   ...
   [-1.71503155e-16 -1.19376514e-17 -1.68530533e-33 ...  4.43932054e-33
     7.57791264e-27  1.86916048e-20]
   [-1.93312597e-02  2.16169027e-03 -6.06871660e-33 ...  3.43274255e-03
    -1.87102007e-03  3.48619162e-03]
   [-5.21343164e-02 -4.08624746e-02 -4.62432241e-33 ...  3.47136590e-03
     4.29903232e-02  7.46257007e-02]]]


 [[[ 5.84653253e-03  1.00406690e-03 -1.67948755e-34 ...  2.72847101e-04
    -5.12458524e-03 -8.09937995e-03]
   [ 9.32880305e-03  5.55290980e-03  3.80468216e-34 ... -1.64426782e-03
    -1.60207897e-02 -3.02206096e-03]
   [ 1.03785293e-32  2.85519129e-33  5.16961367e-33 ...  1.04678609e-32
     5.16508985e-33  9.44895328e-34]
   ...
   [-1.88638022e-19 -9.96943485e-17  8.60298324e-33 ...  4.29485816e-33
     1.66786773e-28  2.86669902e-21]
   [ 4.38545644e-03 -7.74638727e-04 -2.97060794e-33 ...  1.50635443e-03
    -1.50679201e-02 -1.63159594e-02]
   [ 2.41758619e-02 -4.23197709e-02  8.59995432e-34 ... -3.02217342e-03
    -2.78924461e-02 -2.42181960e-02]]

  [[ 2.61280127e-03  6.37818128e-04 -8.00439360e-33 ... -1.78592134e-04
    -1.32614456e-03 -2.10611755e-03]
   [ 9.64515097e-03  8.69867858e-03  2.71633712e-33 ... -1.80568919e-03
    -1.32888267e-02 -1.57999550e-03]
   [ 2.98792572e-33  9.36137914e-33 -7.31694540e-33 ...  2.06888916e-33
    -6.03078965e-33 -2.13718465e-33]
   ...
   [-4.99110603e-20 -1.14006082e-16  1.02842708e-32 ...  5.89556629e-33
     7.85263689e-29  3.32180285e-21]
   [ 3.07651167e-03  9.45209904e-05 -5.16603282e-33 ...  4.23142366e-04
    -1.19843818e-02 -9.85001028e-03]
   [ 3.67675833e-02 -6.74594939e-02 -1.98118589e-33 ... -1.23836054e-02
     2.07226891e-02  1.66805964e-02]]

  [[-7.19531206e-04  3.23569722e-04 -2.40151071e-33 ... -5.72169607e-04
     2.97849067e-03  3.43402708e-03]
   [ 3.64562566e-03  1.00994017e-02  1.61023239e-33 ... -1.78544060e-03
    -8.71574599e-03  1.96824985e-04]
   [ 3.46361247e-33  9.46571308e-33 -2.80656862e-33 ...  5.64732172e-33
     9.96621763e-35 -4.46408857e-33]
   ...
   [-2.08173236e-19 -9.01953902e-17 -9.59890320e-35 ...  4.61784360e-33
     8.48438405e-29  5.27658553e-21]
   [ 2.40238640e-03  4.01787972e-03 -1.88197380e-34 ... -9.47595807e-04
    -6.28881762e-03 -8.42524692e-04]
   [ 3.28697860e-02  3.52214910e-02 -2.61621549e-33 ... -8.05743132e-03
     1.37870312e-02 -2.90242750e-02]]]]
	OpName : Ops.IDENTITY
	Original : [[[[-3.79251875e-03 -1.86568173e-03  8.37387792e-33 ... -2.31147769e-05
    -8.39842251e-04  1.38942758e-03]
   [-2.58313641e-02 -5.23914630e-03  6.30896781e-33 ...  3.62032396e-03
    -9.86931729e-04  2.06911890e-03]
   [ 2.39259183e-33  6.49945520e-33  4.22830902e-33 ...  5.19485814e-33
    -9.69449513e-33 -5.40261318e-33]
   ...
   [-4.19592963e-13 -1.48418668e-17  5.92054481e-33 ...  3.89976018e-33
     2.11279894e-30  5.40985536e-23]
   [ 2.27979943e-03 -4.81313746e-03  5.32222663e-33 ... -5.46830299e-04
    -1.12804398e-02 -7.37823592e-03]
   [ 4.37222701e-03 -3.57632078e-02 -5.46219678e-33 ...  3.68974498e-03
    -4.28689308e-02 -5.15192263e-02]]

  [[-6.89050369e-03  3.62622086e-04  7.54760531e-33 ...  4.27345745e-04
     3.08032241e-03  6.92800572e-03]
   [-3.35414968e-02 -5.55004692e-03  9.93822801e-34 ...  3.69763421e-03
     1.06411474e-02  1.40315257e-02]
   [-6.46957854e-33 -7.09338034e-33 -5.85261593e-33 ...  2.30898664e-33
    -3.75538707e-33 -6.67321714e-34]
   ...
   [-4.98825699e-13 -1.06267860e-17 -8.30474086e-34 ...  4.00087841e-33
     9.63018838e-30  6.14901614e-23]
   [-7.95063656e-03 -2.33431277e-03  3.85041623e-34 ...  1.59030245e-03
    -5.88664692e-03 -5.40769506e-05]
   [ 2.84392647e-02 -2.68572941e-03 -6.46910173e-33 ...  1.03112524e-02
     5.05635794e-03  4.19154838e-02]]

  [[-7.15857139e-03  4.14642179e-03 -6.26307504e-33 ...  4.92926105e-04
     5.87538537e-03  9.72573459e-03]
   [-3.93641777e-02 -7.61596253e-03  8.03163348e-33 ...  2.51787342e-03
     1.94408856e-02  2.65561137e-02]
   [ 3.53169857e-33 -3.11666825e-33 -1.10572670e-32 ... -4.36521113e-33
    -7.94083995e-34 -5.56210462e-33]
   ...
   [-3.45126407e-13 -5.18519366e-18  1.16767496e-32 ...  3.89507547e-33
     2.35041502e-28  2.28711501e-22]
   [-1.73938088e-02 -6.41851977e-04  7.90723899e-33 ...  2.61402596e-03
     4.65395115e-03  8.53252783e-03]
   [-1.32156396e-03  8.27836245e-03 -9.03219076e-33 ...  1.09972795e-02
     1.21154753e-03  1.87267382e-02]]]


 [[[-6.16452890e-03  1.87025653e-04  9.16626103e-33 ...  1.71027926e-03
    -6.40612422e-03 -2.30649114e-03]
   [ 1.62817445e-02 -5.17313951e-04  7.24252118e-33 ...  3.56584533e-05
    -8.04766454e-03 -1.93632245e-02]
   [-6.04752060e-33  5.80826820e-33  9.49115628e-34 ...  2.30388517e-33
     4.21609967e-34 -2.75531798e-33]
   ...
   [-1.29404281e-16 -2.69473970e-17  4.91300399e-33 ...  3.04898549e-33
     2.82246227e-27  4.03554925e-21]
   [-4.82782861e-03  1.17148808e-03  7.93167311e-33 ...  4.04530577e-03
    -1.62844025e-02 -1.11593595e-02]
   [-3.04566529e-02  7.15637393e-03 -2.98695319e-33 ...  5.00089023e-03
    -3.91204096e-02 -3.06482594e-02]]

  [[-1.14510255e-02  1.73729472e-03  8.47050209e-33 ...  1.69835251e-03
    -1.83771248e-03  3.15282587e-03]
   [ 9.46293306e-03 -9.71795889e-05  4.78855917e-33 ... -3.46414163e-04
    -4.91920859e-03 -6.48669293e-03]
   [ 1.05232091e-33 -3.50878158e-33  2.54843832e-33 ... -3.50802595e-33
    -4.50543585e-33 -2.14080113e-34]
   ...
   [-1.71583332e-16 -2.15784174e-17  8.22167785e-33 ...  4.56735318e-33
     2.32641687e-27  5.33712360e-21]
   [-1.44475894e-02  1.60789164e-03 -1.40136853e-33 ...  4.71120840e-03
    -1.02771102e-02 -8.77836253e-03]
   [-4.48736623e-02  1.12218857e-02 -3.44690282e-33 ...  4.95476462e-03
     1.02973050e-02  4.98454981e-02]]

  [[-1.27774887e-02  2.80114589e-03  1.09335742e-33 ...  1.22287311e-03
     1.80263829e-03  7.25789322e-03]
   [ 2.85159308e-03  1.80960132e-03  4.54415994e-33 ... -7.58730341e-04
     3.50228953e-03  6.49257703e-03]
   [ 8.78099937e-33  5.47168376e-33  3.23069745e-33 ...  9.37153835e-33
     8.53731149e-34 -6.56248447e-33]
   ...
   [-1.71503155e-16 -1.19376514e-17 -1.68530533e-33 ...  4.43932054e-33
     7.57791264e-27  1.86916048e-20]
   [-1.93312597e-02  2.16169027e-03 -6.06871660e-33 ...  3.43274255e-03
    -1.87102007e-03  3.48619162e-03]
   [-5.21343164e-02 -4.08624746e-02 -4.62432241e-33 ...  3.47136590e-03
     4.29903232e-02  7.46257007e-02]]]


 [[[ 5.84653253e-03  1.00406690e-03 -1.67948755e-34 ...  2.72847101e-04
    -5.12458524e-03 -8.09937995e-03]
   [ 9.32880305e-03  5.55290980e-03  3.80468216e-34 ... -1.64426782e-03
    -1.60207897e-02 -3.02206096e-03]
   [ 1.03785293e-32  2.85519129e-33  5.16961367e-33 ...  1.04678609e-32
     5.16508985e-33  9.44895328e-34]
   ...
   [-1.88638022e-19 -9.96943485e-17  8.60298324e-33 ...  4.29485816e-33
     1.66786773e-28  2.86669902e-21]
   [ 4.38545644e-03 -7.74638727e-04 -2.97060794e-33 ...  1.50635443e-03
    -1.50679201e-02 -1.63159594e-02]
   [ 2.41758619e-02 -4.23197709e-02  8.59995432e-34 ... -3.02217342e-03
    -2.78924461e-02 -2.42181960e-02]]

  [[ 2.61280127e-03  6.37818128e-04 -8.00439360e-33 ... -1.78592134e-04
    -1.32614456e-03 -2.10611755e-03]
   [ 9.64515097e-03  8.69867858e-03  2.71633712e-33 ... -1.80568919e-03
    -1.32888267e-02 -1.57999550e-03]
   [ 2.98792572e-33  9.36137914e-33 -7.31694540e-33 ...  2.06888916e-33
    -6.03078965e-33 -2.13718465e-33]
   ...
   [-4.99110603e-20 -1.14006082e-16  1.02842708e-32 ...  5.89556629e-33
     7.85263689e-29  3.32180285e-21]
   [ 3.07651167e-03  9.45209904e-05 -5.16603282e-33 ...  4.23142366e-04
    -1.19843818e-02 -9.85001028e-03]
   [ 3.67675833e-02 -6.74594939e-02 -1.98118589e-33 ... -1.23836054e-02
     2.07226891e-02  1.66805964e-02]]

  [[-7.19531206e-04  3.23569722e-04 -2.40151071e-33 ... -5.72169607e-04
     2.97849067e-03  3.43402708e-03]
   [ 3.64562566e-03  1.00994017e-02  1.61023239e-33 ... -1.78544060e-03
    -8.71574599e-03  1.96824985e-04]
   [ 3.46361247e-33  9.46571308e-33 -2.80656862e-33 ...  5.64732172e-33
     9.96621763e-35 -4.46408857e-33]
   ...
   [-2.08173236e-19 -9.01953902e-17 -9.59890320e-35 ...  4.61784360e-33
     8.48438405e-29  5.27658553e-21]
   [ 2.40238640e-03  4.01787972e-03 -1.88197380e-34 ... -9.47595807e-04
    -6.28881762e-03 -8.42524692e-04]
   [ 3.28697860e-02  3.52214910e-02 -2.61621549e-33 ... -8.05743132e-03
     1.37870312e-02 -2.90242750e-02]]]]
	Time : 0:00:00.058276
 }

---------------------------------------
Done injections
