Starting log at 2020-10-08 23:52:23.907523

{
	Count : 7
	Injected : [ 4.1060438e-03  4.9737799e-03  1.4138020e-34 -1.0834271e-13
  4.9852976e-03  4.9479434e-04 -1.4937900e-03  8.0810841e-03
  1.6278572e-02 -1.9772546e-03 -7.2439729e-33 -1.2599110e-33
  7.5626508e-03 -7.6664728e-33 -1.0877695e-03 -5.3172992e-03
  7.5954185e-03 -3.1297631e-03  2.7290448e-03 -1.2714172e-03
 -4.0423800e-03 -2.1068605e-03 -6.1839330e-03 -2.8054242e-03
 -3.0880051e-03  9.5700636e-04  2.8784778e-03 -4.5024869e-03
 -2.9104627e-03  6.3831932e-03  6.8241991e-03  9.2200236e-03
 -3.2162387e-03 -7.9752098e-09 -6.7363475e-03 -3.7096829e-22
 -2.6223441e-03  2.6652368e-03 -3.1727913e-03  2.2850307e-03
  3.9345008e-33 -4.2188971e-04  5.9278618e-04 -8.8164391e-04
  3.1899284e-33  1.3107200e+05 -1.8733324e-04 -2.8098002e-03
 -3.5922395e-33  4.5807112e-04  1.2345363e-02 -1.7036394e-03
 -1.0876105e-03  6.7636180e-03 -1.0911495e-02 -4.9726050e-03
 -2.8519926e-03 -5.1710838e-03 -2.4506332e-06  2.7985775e-33
  1.8102861e-03 -1.3622871e-04  2.2621360e-03  1.6979497e-03]
	OpName : Ops.IDENTITY
	Original : [ 4.1060438e-03  4.9737799e-03  1.4138020e-34 -1.0834271e-13
  4.9852976e-03  4.9479434e-04 -1.4937900e-03  8.0810841e-03
  1.6278572e-02 -1.9772546e-03 -7.2439729e-33 -1.2599110e-33
  7.5626508e-03 -7.6664728e-33 -1.0877695e-03 -5.3172992e-03
  7.5954185e-03 -3.1297631e-03  2.7290448e-03 -1.2714172e-03
 -4.0423800e-03 -2.1068605e-03 -6.1839330e-03 -2.8054242e-03
 -3.0880051e-03  9.5700636e-04  2.8784778e-03 -4.5024869e-03
 -2.9104627e-03  6.3831932e-03  6.8241991e-03  9.2200236e-03
 -3.2162387e-03 -7.9752098e-09 -6.7363475e-03 -3.7096829e-22
 -2.6223441e-03  2.6652368e-03 -3.1727913e-03  2.2850307e-03
  3.9345008e-33 -4.2188971e-04  5.9278618e-04 -8.8164391e-04
  3.1899284e-33  2.1741909e-03 -1.8733324e-04 -2.8098002e-03
 -3.5922395e-33  4.5807112e-04  1.2345363e-02 -1.7036394e-03
 -1.0876105e-03  6.7636180e-03 -1.0911495e-02 -4.9726050e-03
 -2.8519926e-03 -5.1710838e-03 -2.4506332e-06  2.7985775e-33
  1.8102861e-03 -1.3622871e-04  2.2621360e-03  1.6979497e-03]
	Time : 0:00:00.046689
 }
{
	Count : 28
	Injected : [[[[ 1.66012347e-02 -5.19074202e-02  6.32546283e-03 ...  1.47493873e-02
     1.19167618e-01  1.29705772e-01]
   [ 1.07822148e-02 -6.10203370e-02  7.37831071e-02 ...  1.11606345e-02
     5.46381027e-02 -5.88958189e-02]
   [ 3.59992310e-03 -5.84074855e-02 -4.91870986e-03 ... -9.59219353e-04
    -2.87306006e-03 -1.21399395e-01]]

  [[ 1.72850061e-02  3.92530933e-02  8.20377320e-02 ...  1.30756060e-02
    -1.98844951e-02  1.43488478e-02]
   [ 1.13095259e-02  6.54871715e-03 -2.79380754e-02 ...  7.37075089e-03
     1.33486828e-02  7.43873045e-02]
   [ 3.14725330e-03 -2.18742453e-02 -5.49610108e-02 ... -3.06413556e-03
    -2.36435067e-02 -2.31592072e-04]]

  [[ 2.11668871e-02 -8.06589890e-03 -2.09341682e-02 ...  7.75023457e-03
     1.35728400e-02 -1.54096354e-02]
   [ 1.19818989e-02 -8.13833773e-02 -7.40961824e-03 ...  4.73884167e-03
    -5.52864410e-02 -4.02800739e-02]
   [ 2.04067258e-03 -1.41890552e-02  5.24938572e-03 ... -5.31502953e-03
     2.01768391e-02 -1.97529383e-02]]

  [[ 1.53943589e-02 -3.44232260e-03 -2.52276324e-02 ...  2.97752628e-03
     2.07460802e-02  1.19626723e-01]
   [ 1.24003002e-02  2.67020427e-02  3.34916599e-02 ...  3.76232876e-03
     3.16785462e-02 -1.38647743e-02]
   [-2.63482390e-04 -1.11289835e-02 -9.01688337e-02 ... -8.66005104e-03
    -5.44135086e-03 -1.31871343e-01]]

  [[ 1.21543417e-02  3.88924368e-02  3.31228897e-02 ...  4.65226313e-03
    -1.27179520e-02 -2.38222373e-03]
   [ 4.26690746e-03 -3.89351472e-02  9.05949622e-02 ...  2.99743988e-04
    -2.43245810e-02  5.32269180e-02]
   [-2.62687448e-03  1.76662076e-02 -1.10598616e-01 ... -1.13066044e-02
    -2.53928676e-02 -3.17440480e-02]]]


 [[[ 1.56663712e-02  2.23407187e-02 -3.16745825e-02 ...  1.24272890e-02
     6.27490506e-02  3.06907743e-02]
   [ 1.18356459e-02  4.19583768e-02  8.67339149e-02 ...  6.95469510e-03
     1.01237826e-03  8.29994306e-02]
   [ 1.85662153e-04 -4.12780046e-02 -9.26287919e-02 ... -4.54333564e-03
     2.77557950e-02 -4.18620221e-02]]

  [[ 1.73814278e-02 -2.02037655e-02  2.90608518e-02 ...  1.16686430e-02
     6.47142008e-02  1.40271261e-01]
   [ 1.01679461e-02 -8.75542779e-03 -2.06778273e-02 ...  6.89705182e-03
    -5.81751429e-02 -3.48470621e-02]
   [ 3.62621853e-04 -3.98658551e-02 -1.06085122e-01 ... -7.05724070e-03
    -3.46737243e-02 -2.62734499e-02]]

  [[ 1.55556770e-02 -7.85524491e-03  1.19379036e-01 ...  1.10535817e-02
     3.85148786e-02 -2.12210622e-02]
   [ 7.99884461e-03 -5.74747548e-02 -2.86922231e-02 ...  3.04356217e-03
     1.76314097e-02  1.28081376e-02]
   [-9.34813754e-04 -8.08102190e-02 -1.07619233e-01 ... -7.86982384e-03
    -2.88666189e-02 -1.47176415e-01]]

  [[ 1.18450448e-02 -3.13301496e-02  4.58315946e-02 ...  7.27975275e-03
     2.40444522e-02 -4.88437526e-02]
   [ 8.44272226e-03 -7.13544083e-04  5.42459302e-02 ...  1.70519250e-03
     5.02699614e-02  7.46209994e-02]
   [-3.62757500e-03  2.67439988e-02 -3.90058085e-02 ... -9.99554526e-03
    -4.57282998e-02  3.56470421e-02]]

  [[ 1.12968227e-02 -4.62481081e-02 -9.60646048e-02 ...  5.73919155e-03
     3.48627940e-02  1.31685892e-02]
   [ 4.80473926e-03 -2.49920357e-02 -6.26939535e-03 ...  3.39085818e-04
     7.93726072e-02 -8.29060748e-02]
   [-5.57219284e-03  5.51705994e-03 -7.29008541e-02 ... -1.03192488e-02
    -3.38144302e-02 -5.46712466e-02]]]


 [[[ 5.27956104e-03 -1.19723184e-02  7.49319196e-02 ...  6.02576695e-03
     9.49342176e-02  6.55851066e-02]
   [-1.34314247e-03  8.04894194e-02  5.74449226e-02 ...  6.85410923e-04
     9.95083228e-02  1.99935101e-02]
   [-9.83165950e-03  4.39827964e-02  8.11789334e-02 ... -1.12388097e-02
    -2.76752058e-02 -1.52911199e-02]]

  [[ 2.81491177e-03  5.79449683e-02  6.94128200e-02 ...  2.80509936e-03
     9.01945084e-02  6.74022064e-02]
   [-2.29054131e-03  7.30286315e-02 -4.27754484e-02 ... -1.75153371e-03
     6.45176023e-02  6.27612025e-02]
   [-1.09372800e-02  2.95145940e-02 -2.27643885e-02 ... -1.33536076e-02
    -1.77706294e-02 -2.35299040e-02]]

  [[ 1.92893727e-03 -1.57354549e-02  1.77758355e-02 ...  1.73344495e-04
     4.01100703e-02  7.06513375e-02]
   [-3.37352953e-03 -4.18386981e-02  2.25081146e-02 ... -5.41633833e-03
     1.03252567e-01 -2.00401228e-02]
   [-1.17369974e-02  4.10467796e-02 -5.60985580e-02 ... -1.66618656e-02
    -4.72839288e-02 -1.16134875e-01]]

  [[-6.66707987e-04  4.11687605e-02  3.43319885e-02 ... -2.06559873e-03
     4.50687408e-02  7.04356516e-03]
   [-3.63965938e-03  5.23066297e-02  1.06790937e-01 ... -9.37371328e-03
     6.94969445e-02 -6.15590960e-02]
   [-1.40339304e-02 -4.01321519e-03  1.55563653e-02 ... -1.70419104e-02
     1.13060623e-02 -8.70432332e-02]]

  [[-1.81315362e-03  1.18325837e-02  2.92787869e-02 ... -3.15580517e-03
     1.78999081e-02 -5.33084460e-02]
   [-7.26520410e-03 -5.04846498e-03 -4.47311625e-02 ... -6.20547077e-03
     9.46836770e-02  3.74153145e-02]
   [-1.39583005e-02 -4.49070446e-02 -3.89712565e-02 ... -1.62188187e-02
     8.14416930e-02 -5.33642657e-02]]]


 [[[ 3.11770546e-03  5.50497696e-02  3.32998112e-02 ...  8.65707360e-03
     3.36027071e-02 -1.39629776e-02]
   [-3.41934245e-03  2.11575534e-02 -4.22572866e-02 ...  3.98616679e-03
     6.35852143e-02 -3.23446319e-02]
   [-1.06206806e-02  3.66415232e-02  1.64766237e-02 ... -7.34295696e-03
     3.42709683e-02  6.21664226e-02]]

  [[-1.97185576e-03  1.01882041e-01  5.52032664e-02 ...  4.87847254e-03
     7.85302669e-02  1.59269162e-02]
   [-6.08822284e-03  6.75389022e-02  4.63000238e-02 ...  1.26042264e-03
     3.69509831e-02  2.92914603e-02]
   [-1.31478533e-02  3.45578082e-02  8.19883570e-02 ... -9.99339949e-03
     3.08289248e-02 -7.38586932e-02]]

  [[-4.53521358e-03  4.84347194e-02  3.05417702e-02 ...  2.74928357e-03
     1.42694831e-01  1.71139203e-02]
   [-1.00797545e-02  6.43713772e-02 -3.44139859e-02 ... -4.17368719e-03
     7.39590675e-02  6.97517693e-02]
   [-1.50028355e-02 -3.12603414e-02 -3.46122496e-02 ... -1.18903751e-02
     3.47562060e-02 -6.25162870e-02]]

  [[-6.96958881e-03 -6.56573335e-03 -2.39527109e-03 ...  2.06916989e-03
     1.09753422e-01  2.73921154e-02]
   [-1.11334668e-02 -4.92190979e-02  9.41801593e-02 ... -2.69253878e-03
     2.85760928e-02 -4.08903435e-02]
   [-1.59519054e-02 -1.98078230e-02  1.93415594e-03 ... -1.27814086e-02
     1.87859647e-02 -1.07097533e-02]]

  [[-6.76564081e-03  2.02594250e-02 -1.71358772e-02 ...  1.00689838e-04
     8.74833837e-02  2.23050267e-02]
   [-9.24498308e-03 -2.42549218e-02 -8.03354010e-02 ... -2.17369385e-03
    -3.49943563e-02 -8.54877606e-02]
   [-1.48897013e-02 -6.39061853e-02 -9.62765664e-02 ... -1.22595001e-02
     4.63492349e-02 -9.96292084e-02]]]


 [[[-9.28305381e-04 -6.08524214e-03  1.10664226e-01 ...  9.68164764e-03
     6.96893558e-02 -4.54509109e-02]
   [-3.22665763e-03  9.07764398e-03 -6.88075572e-02 ...  6.96962979e-03
     1.87668409e-02  9.59183425e-02]
   [-9.64897312e-03  4.46936535e-03 -4.87731434e-02 ... -7.02488003e-03
     9.77069419e-03 -3.07728201e-02]]

  [[-2.32964288e-03  2.60831043e-02  1.11448519e-01 ...  8.33728164e-03
     6.19084947e-02  1.04049332e-01]
   [-6.50241319e-03 -3.89264561e-02 -8.50030556e-02 ...  6.26208726e-03
     2.72836499e-02  3.77602279e-02]
   [-1.07279662e-02 -8.02034661e-02  2.42298357e-02 ... -4.64372383e-03
     1.70179978e-02  1.22803953e-02]]

  [[-2.12651957e-03  2.86401287e-02  3.06769405e-02 ...  8.11381545e-03
     4.28934209e-02 -3.02856416e-02]
   [-2.70673423e-03 -3.84111144e-02 -1.60527434e-02 ...  4.52131731e-03
     2.05834955e-02  8.80306438e-02]
   [-1.03707621e-02 -3.48239169e-02 -7.48058408e-02 ... -5.22760209e-03
    -5.07342592e-02 -5.94606921e-02]]

  [[-3.69848125e-03 -4.98653650e-02  3.35248560e-02 ...  5.78370877e-03
     8.93183947e-02  3.76027301e-02]
   [-5.72984340e-03 -1.67115405e-02 -1.99146774e-02 ...  2.79049808e-03
     5.18840924e-02 -6.49465807e-03]
   [-1.07394392e-02 -1.44848367e-02 -2.39847135e-02 ... -6.72090752e-03
     4.80368361e-03  7.89428279e-02]]

  [[-3.80518148e-03  7.22715408e-02  3.03992163e-02 ...  7.13041704e-03
     5.90077825e-02  2.59318855e-02]
   [-6.92797825e-03 -2.28520278e-02 -7.06578270e-02 ...  2.43924628e-03
     1.01122558e-01  8.71961936e-02]
   [-1.31661184e-02  1.91705190e-02 -5.91026805e-02 ... -6.76151086e-03
     8.45363177e-03 -5.54554947e-02]]]]
	OpName : Ops.IDENTITY
	Original : [[[[ 1.66012347e-02 -5.19074202e-02  6.32546283e-03 ...  1.47493873e-02
     1.19167618e-01  1.29705772e-01]
   [ 1.07822148e-02 -6.10203370e-02  7.37831071e-02 ...  1.11606345e-02
     5.46381027e-02 -5.88958189e-02]
   [ 3.59992310e-03 -5.84074855e-02 -4.91870986e-03 ... -9.59219353e-04
    -2.87306006e-03 -1.21399395e-01]]

  [[ 1.72850061e-02  3.92530933e-02  8.20377320e-02 ...  1.30756060e-02
    -1.98844951e-02  1.43488478e-02]
   [ 1.13095259e-02  6.54871715e-03 -2.79380754e-02 ...  7.37075089e-03
     1.33486828e-02  7.43873045e-02]
   [ 3.14725330e-03 -2.18742453e-02 -5.49610108e-02 ... -3.06413556e-03
    -2.36435067e-02 -2.31592072e-04]]

  [[ 2.11668871e-02 -8.06589890e-03 -2.09341682e-02 ...  7.75023457e-03
     1.35728400e-02 -1.54096354e-02]
   [ 1.19818989e-02 -8.13833773e-02 -7.40961824e-03 ...  4.73884167e-03
    -5.52864410e-02 -4.02800739e-02]
   [ 2.04067258e-03 -1.41890552e-02  5.24938572e-03 ... -5.31502953e-03
     2.01768391e-02 -1.97529383e-02]]

  [[ 1.53943589e-02 -3.44232260e-03 -2.52276324e-02 ...  2.97752628e-03
     2.07460802e-02  1.19626723e-01]
   [ 1.24003002e-02  2.67020427e-02  3.34916599e-02 ...  3.76232876e-03
     3.16785462e-02 -1.38647743e-02]
   [-2.63482390e-04 -1.11289835e-02 -9.01688337e-02 ... -8.66005104e-03
    -5.44135086e-03 -1.31871343e-01]]

  [[ 1.21543417e-02  3.88924368e-02  3.31228897e-02 ...  4.65226313e-03
    -1.27179520e-02 -2.38222373e-03]
   [ 4.26690746e-03 -3.89351472e-02  9.05949622e-02 ...  2.99743988e-04
    -2.43245810e-02  5.32269180e-02]
   [-2.62687448e-03  1.76662076e-02 -1.10598616e-01 ... -1.13066044e-02
    -2.53928676e-02 -3.17440480e-02]]]


 [[[ 1.56663712e-02  2.23407187e-02 -3.16745825e-02 ...  1.24272890e-02
     6.27490506e-02  3.06907743e-02]
   [ 1.18356459e-02  4.19583768e-02  8.67339149e-02 ...  6.95469510e-03
     1.01237826e-03  8.29994306e-02]
   [ 1.85662153e-04 -4.12780046e-02 -9.26287919e-02 ... -4.54333564e-03
     2.77557950e-02 -4.18620221e-02]]

  [[ 1.73814278e-02 -2.02037655e-02  2.90608518e-02 ...  1.16686430e-02
     6.47142008e-02  1.40271261e-01]
   [ 1.01679461e-02 -8.75542779e-03 -2.06778273e-02 ...  6.89705182e-03
    -5.81751429e-02 -3.48470621e-02]
   [ 3.62621853e-04 -3.98658551e-02 -1.06085122e-01 ... -7.05724070e-03
    -3.46737243e-02 -2.62734499e-02]]

  [[ 1.55556770e-02 -7.85524491e-03  1.19379036e-01 ...  1.10535817e-02
     3.85148786e-02 -2.12210622e-02]
   [ 7.99884461e-03 -5.74747548e-02 -2.86922231e-02 ...  3.04356217e-03
     1.76314097e-02  1.28081376e-02]
   [-9.34813754e-04 -8.08102190e-02 -1.07619233e-01 ... -7.86982384e-03
    -2.88666189e-02 -1.47176415e-01]]

  [[ 1.18450448e-02 -3.13301496e-02  4.58315946e-02 ...  7.27975275e-03
     2.40444522e-02 -4.88437526e-02]
   [ 8.44272226e-03 -7.13544083e-04  5.42459302e-02 ...  1.70519250e-03
     5.02699614e-02  7.46209994e-02]
   [-3.62757500e-03  2.67439988e-02 -3.90058085e-02 ... -9.99554526e-03
    -4.57282998e-02  3.56470421e-02]]

  [[ 1.12968227e-02 -4.62481081e-02 -9.60646048e-02 ...  5.73919155e-03
     3.48627940e-02  1.31685892e-02]
   [ 4.80473926e-03 -2.49920357e-02 -6.26939535e-03 ...  3.39085818e-04
     7.93726072e-02 -8.29060748e-02]
   [-5.57219284e-03  5.51705994e-03 -7.29008541e-02 ... -1.03192488e-02
    -3.38144302e-02 -5.46712466e-02]]]


 [[[ 5.27956104e-03 -1.19723184e-02  7.49319196e-02 ...  6.02576695e-03
     9.49342176e-02  6.55851066e-02]
   [-1.34314247e-03  8.04894194e-02  5.74449226e-02 ...  6.85410923e-04
     9.95083228e-02  1.99935101e-02]
   [-9.83165950e-03  4.39827964e-02  8.11789334e-02 ... -1.12388097e-02
    -2.76752058e-02 -1.52911199e-02]]

  [[ 2.81491177e-03  5.79449683e-02  6.94128200e-02 ...  2.80509936e-03
     9.01945084e-02  6.74022064e-02]
   [-2.29054131e-03  7.30286315e-02 -4.27754484e-02 ... -1.75153371e-03
     6.45176023e-02  6.27612025e-02]
   [-1.09372800e-02  2.95145940e-02 -2.27643885e-02 ... -1.33536076e-02
    -1.77706294e-02 -2.35299040e-02]]

  [[ 1.92893727e-03 -1.57354549e-02  1.77758355e-02 ...  1.73344495e-04
     4.01100703e-02  7.06513375e-02]
   [-3.37352953e-03 -4.18386981e-02  2.25081146e-02 ... -5.41633833e-03
     1.03252567e-01 -2.00401228e-02]
   [-1.17369974e-02  4.10467796e-02 -5.60985580e-02 ... -1.66618656e-02
    -4.72839288e-02 -1.16134875e-01]]

  [[-6.66707987e-04  4.11687605e-02  3.43319885e-02 ... -2.06559873e-03
     4.50687408e-02  7.04356516e-03]
   [-3.63965938e-03  5.23066297e-02  1.06790937e-01 ... -9.37371328e-03
     6.94969445e-02 -6.15590960e-02]
   [-1.40339304e-02 -4.01321519e-03  1.55563653e-02 ... -1.70419104e-02
     1.13060623e-02 -8.70432332e-02]]

  [[-1.81315362e-03  1.18325837e-02  2.92787869e-02 ... -3.15580517e-03
     1.78999081e-02 -5.33084460e-02]
   [-7.26520410e-03 -5.04846498e-03 -4.47311625e-02 ... -6.20547077e-03
     9.46836770e-02  3.74153145e-02]
   [-1.39583005e-02 -4.49070446e-02 -3.89712565e-02 ... -1.62188187e-02
     8.14416930e-02 -5.33642657e-02]]]


 [[[ 3.11770546e-03  5.50497696e-02  3.32998112e-02 ...  8.65707360e-03
     3.36027071e-02 -1.39629776e-02]
   [-3.41934245e-03  2.11575534e-02 -4.22572866e-02 ...  3.98616679e-03
     6.35852143e-02 -3.23446319e-02]
   [-1.06206806e-02  3.66415232e-02  1.64766237e-02 ... -7.34295696e-03
     3.42709683e-02  6.21664226e-02]]

  [[-1.97185576e-03  1.01882041e-01  5.52032664e-02 ...  4.87847254e-03
     7.85302669e-02  1.59269162e-02]
   [-6.08822284e-03  6.75389022e-02  4.63000238e-02 ...  1.26042264e-03
     3.69509831e-02  2.92914603e-02]
   [-1.31478533e-02  3.45578082e-02  8.19883570e-02 ... -9.99339949e-03
     3.08289248e-02 -7.38586932e-02]]

  [[-4.53521358e-03  4.84347194e-02  3.05417702e-02 ...  2.74928357e-03
     1.42694831e-01  1.71139203e-02]
   [-1.00797545e-02  6.43713772e-02 -3.44139859e-02 ... -4.17368719e-03
     7.39590675e-02  6.97517693e-02]
   [-1.50028355e-02 -3.12603414e-02 -3.46122496e-02 ... -1.18903751e-02
     3.47562060e-02 -6.25162870e-02]]

  [[-6.96958881e-03 -6.56573335e-03 -2.39527109e-03 ...  2.06916989e-03
     1.09753422e-01  2.73921154e-02]
   [-1.11334668e-02 -4.92190979e-02  9.41801593e-02 ... -2.69253878e-03
     2.85760928e-02 -4.08903435e-02]
   [-1.59519054e-02 -1.98078230e-02  1.93415594e-03 ... -1.27814086e-02
     1.87859647e-02 -1.07097533e-02]]

  [[-6.76564081e-03  2.02594250e-02 -1.71358772e-02 ...  1.00689838e-04
     8.74833837e-02  2.23050267e-02]
   [-9.24498308e-03 -2.42549218e-02 -8.03354010e-02 ... -2.17369385e-03
    -3.49943563e-02 -8.54877606e-02]
   [-1.48897013e-02 -6.39061853e-02 -9.62765664e-02 ... -1.22595001e-02
     4.63492349e-02 -9.96292084e-02]]]


 [[[-9.28305381e-04 -6.08524214e-03  1.10664226e-01 ...  9.68164764e-03
     6.96893558e-02 -4.54509109e-02]
   [-3.22665763e-03  9.07764398e-03 -6.88075572e-02 ...  6.96962979e-03
     1.87668409e-02  9.59183425e-02]
   [-9.64897312e-03  4.46936535e-03 -4.87731434e-02 ... -7.02488003e-03
     9.77069419e-03 -3.07728201e-02]]

  [[-2.32964288e-03  2.60831043e-02  1.11448519e-01 ...  8.33728164e-03
     6.19084947e-02  1.04049332e-01]
   [-6.50241319e-03 -3.89264561e-02 -8.50030556e-02 ...  6.26208726e-03
     2.72836499e-02  3.77602279e-02]
   [-1.07279662e-02 -8.02034661e-02  2.42298357e-02 ... -4.64372383e-03
     1.70179978e-02  1.22803953e-02]]

  [[-2.12651957e-03  2.86401287e-02  3.06769405e-02 ...  8.11381545e-03
     4.28934209e-02 -3.02856416e-02]
   [-2.70673423e-03 -3.84111144e-02 -1.60527434e-02 ...  4.52131731e-03
     2.05834955e-02  8.80306438e-02]
   [-1.03707621e-02 -3.48239169e-02 -7.48058408e-02 ... -5.22760209e-03
    -5.07342592e-02 -5.94606921e-02]]

  [[-3.69848125e-03 -4.98653650e-02  3.35248560e-02 ...  5.78370877e-03
     8.93183947e-02  3.76027301e-02]
   [-5.72984340e-03 -1.67115405e-02 -1.99146774e-02 ...  2.79049808e-03
     5.18840924e-02 -6.49465807e-03]
   [-1.07394392e-02 -1.44848367e-02 -2.39847135e-02 ... -6.72090752e-03
     4.80368361e-03  7.89428279e-02]]

  [[-3.80518148e-03  7.22715408e-02  3.03992163e-02 ...  7.13041704e-03
     5.90077825e-02  2.59318855e-02]
   [-6.92797825e-03 -2.28520278e-02 -7.06578270e-02 ...  2.43924628e-03
     1.01122558e-01  8.71961936e-02]
   [-1.31661184e-02  1.91705190e-02 -5.91026805e-02 ... -6.76151086e-03
     8.45363177e-03 -5.54554947e-02]]]]
	Time : 0:00:00.117239
 }
{
	Count : 37
	Injected : [[[[ 6.31382093e-02 -1.24772668e-01  1.99699420e-02 ...  2.70968974e-02
     1.06254578e+00  2.35307589e-02]
   [ 5.70439510e-02 -1.20212466e-01  1.00789126e-02 ...  2.53567342e-02
     1.08464074e+00  3.40010785e-02]
   [ 4.41994593e-02 -1.06352016e-01  8.25300533e-03 ...  1.79225281e-02
     1.09761488e+00  4.81381593e-03]
   ...
   [-1.66598130e-02  1.37893585e-02  4.59062010e-02 ... -1.51467845e-02
     1.38532197e+00 -1.61659904e-03]
   [-1.28392400e-02  1.14857201e-02  4.28959243e-02 ... -1.31081454e-02
     1.34579039e+00 -2.21776664e-02]
   [-1.09962132e-02  5.29670762e-03  6.85501695e-02 ... -9.74128209e-03
     1.34008491e+00  3.40110133e-03]]

  [[-4.11691070e-02  4.37313877e-03  4.95663472e-02 ...  9.24027059e-04
     1.19679582e+00  1.16347134e-01]
   [-4.05304506e-02 -5.67230815e-03  8.78685992e-03 ... -1.47246686e-03
     1.19414675e+00  9.42252353e-02]
   [-4.32925411e-02 -1.50718680e-02 -1.76632479e-02 ... -8.05148296e-03
     1.21864045e+00  7.68349394e-02]
   ...
   [-8.90575466e-04 -6.98080063e-02 -1.78252757e-02 ...  2.24873191e-03
     1.31042945e+00  1.77346747e-02]
   [-4.89284657e-03 -6.06119484e-02 -2.01501399e-02 ...  6.07744977e-03
     1.31904483e+00  5.28899357e-02]
   [-7.37804221e-03 -6.38035461e-02 -8.91675055e-03 ...  8.91486183e-03
     1.32242441e+00  5.20691797e-02]]

  [[-6.65954053e-02  1.28727062e-02 -7.93365669e-03 ... -2.57352982e-02
     1.45400870e+00  4.13667075e-02]
   [-7.10826889e-02  3.50023732e-02  1.34759082e-03 ... -2.69528199e-02
     1.45669246e+00  2.67421119e-02]
   [-6.99561685e-02  1.88628137e-02 -1.82591025e-02 ... -2.75296848e-02
     1.45895660e+00  1.60126109e-02]
   ...
   [-3.02314088e-02 -2.12978367e-02  2.44499445e-02 ... -8.01606290e-03
     1.38033879e+00  2.21836474e-02]
   [-2.90407520e-02  3.64194391e-03  3.67393680e-02 ... -1.05691971e-02
     1.39150178e+00  3.56655531e-02]
   [-3.47550139e-02  2.09041610e-02  3.89754027e-02 ... -1.22696916e-02
     1.42290056e+00  3.38986740e-02]]

  ...

  [[-4.09887731e-03 -7.32233468e-03 -1.25550921e-03 ... -5.42179635e-03
     4.45098042e-01 -3.03171412e-03]
   [-3.46132810e-03 -1.03366002e-02 -1.62305068e-02 ... -4.60333005e-03
     4.32240754e-01 -1.80296637e-02]
   [-4.10440983e-03 -1.67479236e-02  6.77304401e-04 ... -2.69105518e-03
     4.60932463e-01 -2.59674736e-03]
   ...
   [-2.66241631e-03 -7.23276101e-03 -3.98154883e-03 ... -2.43887911e-03
     1.90851450e-01 -3.28065618e-03]
   [-2.61384179e-03 -9.09256097e-03  2.34953128e-03 ... -1.91264739e-03
     1.83691457e-01 -2.37739109e-03]
   [-3.57774273e-03 -2.58252420e-03  2.48998310e-03 ... -2.18056282e-03
     1.80729434e-01  2.79012718e-03]]

  [[-4.81227739e-03 -1.65419336e-02 -6.55244943e-03 ... -4.45435103e-03
     4.34689939e-01 -1.22040184e-02]
   [-5.78247895e-03 -1.15057975e-02  9.99716809e-04 ... -4.89585288e-03
     4.30258393e-01 -5.93835581e-03]
   [-6.99536176e-03 -1.46689555e-02 -5.11972141e-03 ... -6.79503288e-03
     4.39556003e-01 -1.47672109e-02]
   ...
   [-1.07035902e-03 -7.00121978e-03 -3.52662383e-03 ... -1.72787067e-03
     1.74261987e-01 -4.35892027e-03]
   [-1.27577409e-03 -6.44899905e-03 -5.18927583e-03 ... -2.02723290e-03
     1.71268418e-01 -1.85585278e-03]
   [-2.02190666e-03 -7.89025612e-03 -7.95201305e-03 ... -2.23518838e-03
     1.66897178e-01 -5.72705362e-03]]

  [[-9.44070239e-03 -1.29245399e-02 -6.83240732e-03 ... -8.46303161e-03
     4.17448729e-01 -1.72718391e-02]
   [-7.77305244e-03 -6.52455678e-03 -4.45054052e-03 ... -6.85959216e-03
     4.21853065e-01 -8.55891779e-03]
   [-5.92730474e-03 -5.89908520e-03 -9.34171211e-03 ... -6.83392026e-03
     4.09423798e-01 -2.66608112e-02]
   ...
   [-2.28935038e-03 -1.07357195e-02 -1.09593254e-02 ... -2.16070120e-03
     1.62852734e-01 -4.65151761e-03]
   [-3.07637197e-03 -1.20288562e-02 -1.29467966e-02 ... -2.84996629e-03
     1.59228340e-01 -7.63763580e-03]
   [-3.47890495e-03 -9.96474363e-03 -1.13060847e-02 ... -3.45772714e-03
     1.65492147e-01 -7.81447813e-03]]]]
	OpName : Ops.CONV2D
	Original : [[[[ 6.31382093e-02 -1.24772668e-01  1.99699420e-02 ...  2.70968974e-02
     1.06254578e+00  2.35307589e-02]
   [ 5.70439510e-02 -1.20212466e-01  1.00789126e-02 ...  2.53567342e-02
     1.08464074e+00  3.40010785e-02]
   [ 4.41994593e-02 -1.06352016e-01  8.25300533e-03 ...  1.79225281e-02
     1.09761488e+00  4.81381593e-03]
   ...
   [-1.66598130e-02  1.37893585e-02  4.59062010e-02 ... -1.51467845e-02
     1.38532197e+00 -1.61659904e-03]
   [-1.28392400e-02  1.14857201e-02  4.28959243e-02 ... -1.31081454e-02
     1.34579039e+00 -2.21776664e-02]
   [-1.09962132e-02  5.29670762e-03  6.85501695e-02 ... -9.74128209e-03
     1.34008491e+00  3.40110133e-03]]

  [[-4.11691070e-02  4.37313877e-03  4.95663472e-02 ...  9.24027059e-04
     1.19679582e+00  1.16347134e-01]
   [-4.05304506e-02 -5.67230815e-03  8.78685992e-03 ... -1.47246686e-03
     1.19414675e+00  9.42252353e-02]
   [-4.32925411e-02 -1.50718680e-02 -1.76632479e-02 ... -8.05148296e-03
     1.21864045e+00  7.68349394e-02]
   ...
   [-8.90575466e-04 -6.98080063e-02 -1.78252757e-02 ...  2.24873191e-03
     1.31042945e+00  1.77346747e-02]
   [-4.89284657e-03 -6.06119484e-02 -2.01501399e-02 ...  6.07744977e-03
     1.31904483e+00  5.28899357e-02]
   [-7.37804221e-03 -6.38035461e-02 -8.91675055e-03 ...  8.91486183e-03
     1.32242441e+00  5.20691797e-02]]

  [[-6.65954053e-02  1.28727062e-02 -7.93365669e-03 ... -2.57352982e-02
     1.45400870e+00  4.13667075e-02]
   [-7.10826889e-02  3.50023732e-02  1.34759082e-03 ... -2.69528199e-02
     1.45669246e+00  2.67421119e-02]
   [-6.99561685e-02  1.88628137e-02 -1.82591025e-02 ... -2.75296848e-02
     1.45895660e+00  1.60126109e-02]
   ...
   [-3.02314088e-02 -2.12978367e-02  2.44499445e-02 ... -8.01606290e-03
     1.38033879e+00  2.21836474e-02]
   [-2.90407520e-02  3.64194391e-03  3.67393680e-02 ... -1.05691971e-02
     1.39150178e+00  3.56655531e-02]
   [-3.47550139e-02  2.09041610e-02  3.89754027e-02 ... -1.22696916e-02
     1.42290056e+00  3.38986740e-02]]

  ...

  [[-4.09887731e-03 -7.32233468e-03 -1.25550921e-03 ... -5.42179635e-03
     4.45098042e-01 -3.03171412e-03]
   [-3.46132810e-03 -1.03366002e-02 -1.62305068e-02 ... -4.60333005e-03
     4.32240754e-01 -1.80296637e-02]
   [-4.10440983e-03 -1.67479236e-02  6.77304401e-04 ... -2.69105518e-03
     4.60932463e-01 -2.59674736e-03]
   ...
   [-2.66241631e-03 -7.23276101e-03 -3.98154883e-03 ... -2.43887911e-03
     1.90851450e-01 -3.28065618e-03]
   [-2.61384179e-03 -9.09256097e-03  2.34953128e-03 ... -1.91264739e-03
     1.83691457e-01 -2.37739109e-03]
   [-3.57774273e-03 -2.58252420e-03  2.48998310e-03 ... -2.18056282e-03
     1.80729434e-01  2.79012718e-03]]

  [[-4.81227739e-03 -1.65419336e-02 -6.55244943e-03 ... -4.45435103e-03
     4.34689939e-01 -1.22040184e-02]
   [-5.78247895e-03 -1.15057975e-02  9.99716809e-04 ... -4.89585288e-03
     4.30258393e-01 -5.93835581e-03]
   [-6.99536176e-03 -1.46689555e-02 -5.11972141e-03 ... -6.79503288e-03
     4.39556003e-01 -1.47672109e-02]
   ...
   [-1.07035902e-03 -7.00121978e-03 -3.52662383e-03 ... -1.72787067e-03
     1.74261987e-01 -4.35892027e-03]
   [-1.27577409e-03 -6.44899905e-03 -5.18927583e-03 ... -2.02723290e-03
     1.71268418e-01 -1.85585278e-03]
   [-2.02190666e-03 -7.89025612e-03 -7.95201305e-03 ... -2.23518838e-03
     1.66897178e-01 -5.72705362e-03]]

  [[-9.44070239e-03 -1.29245399e-02 -6.83240732e-03 ... -8.46303161e-03
     4.17448729e-01 -1.72718391e-02]
   [-7.77305244e-03 -6.52455678e-03 -4.45054052e-03 ... -6.85959216e-03
     4.21853065e-01 -8.55891779e-03]
   [-5.92730474e-03 -5.89908520e-03 -9.34171211e-03 ... -6.83392026e-03
     4.09423798e-01 -2.66608112e-02]
   ...
   [-2.28935038e-03 -1.07357195e-02 -1.09593254e-02 ... -2.16070120e-03
     1.62852734e-01 -4.65151761e-03]
   [-3.07637197e-03 -1.20288562e-02 -1.29467966e-02 ... -2.84996629e-03
     1.59228340e-01 -7.63763580e-03]
   [-3.47890495e-03 -9.96474363e-03 -1.13060847e-02 ... -3.45772714e-03
     1.65492147e-01 -7.81447813e-03]]]]
	Time : 0:00:00.240160
 }

---------------------------------------
Done injections
