Starting log at 2020-10-08 23:52:23.945370

{
	Count : 20
	Injected : [[[[-3.17358200e-25 -4.98586850e-22 -5.46507270e-33 ... -3.48125591e-33
    -1.38908902e-33 -7.29146320e-03]
   [ 2.51724479e-25  1.65301524e-22 -3.91227442e-33 ...  6.89280500e-35
     6.97044640e-34 -8.94086901e-03]
   [-7.54053798e-25 -6.71987615e-22 -4.16067438e-33 ... -4.26000071e-33
     2.32284296e-33 -2.49048136e-02]
   ...
   [-4.63768072e-25 -2.22536273e-22 -3.15102538e-33 ... -2.28864195e-33
     1.97748125e-33 -6.17425097e-03]
   [-2.02736326e-24 -7.07733793e-22  7.40125847e-33 ... -3.73459772e-33
    -6.08021918e-33  4.94518951e-02]
   [-1.96892360e-25 -4.60224633e-22  2.70221135e-33 ... -7.20916432e-33
    -5.82118321e-33 -2.94137169e-02]]

  [[-4.57885931e-25 -3.12359131e-22 -2.18009166e-33 ... -3.68867666e-33
     1.57276001e-33 -7.39124650e-03]
   [ 1.15413346e-25  1.18781374e-23 -2.84172453e-34 ... -3.23431797e-33
     7.60728957e-33 -9.34319571e-03]
   [-5.94598385e-25 -4.91510175e-22 -8.18353674e-33 ... -7.33037836e-33
     6.97112672e-33 -2.57495660e-02]
   ...
   [-1.80629426e-26 -1.85376494e-22 -3.50167131e-33 ...  2.39024250e-33
    -1.41350183e-33 -6.46144804e-03]
   [-2.26156719e-24 -6.51612083e-22  1.05658266e-32 ... -4.12282236e-33
    -5.32892327e-33 -1.30798835e-02]
   [-4.90630166e-25 -4.63474790e-22 -7.54738123e-33 ... -1.78856241e-34
     5.98387236e-33 -3.13447490e-02]]

  [[-5.49729259e-25 -4.72253739e-22 -3.37176412e-33 ... -4.55323108e-33
     7.43618608e-33 -7.60679180e-03]
   [-4.29925496e-26 -5.44095415e-23  1.00904457e-32 ...  2.42285402e-33
     6.58928575e-33 -8.74601956e-03]
   [-6.80444645e-25 -5.84908933e-22  5.88708877e-33 ... -2.80336889e-33
    -1.76930267e-34 -2.53429394e-02]
   ...
   [-6.10479191e-25 -2.78880480e-22  2.59886520e-33 ...  5.95355563e-34
     7.64987112e-34 -6.46246225e-03]
   [-2.48016251e-24 -5.21993224e-22 -7.02020508e-33 ... -3.96413797e-33
    -5.32336466e-33 -3.22548971e-02]
   [-3.79784708e-25 -4.91728582e-22  2.05874979e-35 ... -8.39715492e-34
     6.38631534e-33 -3.04035582e-02]]

  [[-3.48239047e-25 -2.16459166e-22  8.67828688e-33 ...  2.25604990e-33
     7.83673872e-33 -7.60972127e-03]
   [ 1.90874621e-25 -4.82590076e-23 -7.67967798e-33 ...  1.41641339e-33
    -1.00949839e-33 -8.37042276e-03]
   [-2.81394154e-25 -3.62219028e-22  2.27891437e-33 ...  7.76442671e-34
    -4.57267156e-33 -2.38965917e-02]
   ...
   [ 2.44944664e-25 -2.88485827e-22 -5.02861698e-34 ...  5.46077370e-34
     1.98885746e-33 -6.52215164e-03]
   [-2.95497533e-24 -5.24232882e-22  4.45642251e-33 ... -3.72426990e-33
    -5.18616647e-33 -3.08504291e-02]
   [-7.31065603e-25 -5.46578421e-22 -5.95397587e-33 ... -5.59661934e-33
     6.47455015e-33 -3.12837586e-02]]

  [[ 1.86118123e-25 -4.15952749e-22  5.68424179e-33 ... -5.46164650e-33
     5.19974049e-33 -7.76133500e-03]
   [ 1.30456442e-25  8.40896695e-24 -8.29262481e-33 ...  7.87726682e-34
    -3.26846792e-33 -8.04818701e-03]
   [-4.08534842e-25 -6.21607045e-22 -2.49874008e-33 ...  3.28396571e-33
     4.76356523e-33 -2.44406816e-02]
   ...
   [ 2.53699146e-25 -1.60115464e-22 -1.79857395e-33 ... -7.17371582e-33
     1.03807656e-32 -6.51014503e-03]
   [-3.36488935e-24 -4.49400098e-22 -1.66082952e-33 ... -3.48432542e-33
    -4.63945580e-33  9.96255875e-03]
   [-1.30373501e-25 -6.34151776e-22 -5.58510794e-33 ... -8.16304934e-33
     6.60775350e-33 -3.02815065e-02]]]


 [[[ 1.36515893e-25 -2.46053719e-22  2.03149301e-33 ...  2.36725240e-33
     2.08763095e-33 -6.48119859e-03]
   [ 2.86162054e-25  7.38999721e-23 -6.86851561e-33 ... -7.65650605e-33
     5.59397778e-33 -1.75562762e-02]
   [-7.38512203e-25 -1.27718120e-22 -1.09925884e-32 ...  2.86991325e-33
     3.58936392e-33 -3.25044058e-02]
   ...
   [ 1.32474829e-25 -7.53617061e-23  8.79221359e-33 ... -4.67839405e-34
     6.64347824e-33 -5.55165391e-03]
   [-2.08529405e-24 -4.30179609e-22  9.82854337e-34 ... -2.73551366e-33
    -4.99057669e-33  7.86390081e-02]
   [-1.31988336e-25 -1.34703162e-22 -2.62627056e-33 ...  2.76103750e-33
     2.38902733e-33 -3.15859728e-02]]

  [[-7.08453361e-26 -1.72247274e-22 -6.69844876e-33 ...  4.64939019e-33
     5.20017395e-33 -6.39167614e-03]
   [ 1.50579187e-25 -5.05420121e-23 -1.03820499e-32 ... -4.57067248e-33
    -4.31660591e-33 -1.82419848e-02]
   [-2.01165792e-25 -2.06859347e-22 -5.60515012e-33 ... -8.44896556e-33
     3.13929064e-33 -3.43559980e-02]
   ...
   [ 2.42210275e-25 -2.55179893e-22  1.68935565e-33 ... -3.27223905e-33
     6.41390419e-33 -5.50778722e-03]
   [-2.29821017e-24 -4.07457739e-22  1.68547706e-33 ... -3.02698318e-33
    -4.22937688e-33  1.86430791e-03]
   [-2.08157072e-25 -1.58813730e-22  1.84183067e-34 ... -3.09379828e-33
    -7.14050958e-33 -3.16955931e-02]]

  [[ 1.23974163e-25 -1.00125508e-22 -9.60954877e-34 ... -1.60361050e-33
     7.79395807e-33 -6.56394614e-03]
   [-1.09633325e-25 -2.31547816e-22  9.67034387e-34 ... -7.47605297e-33
     1.77162574e-33 -1.83498356e-02]
   [-5.57588088e-26 -1.76312104e-22 -8.36378924e-33 ... -5.75641200e-33
    -3.03236253e-33 -3.34555618e-02]
   ...
   [-1.42170657e-25 -1.27647145e-23  6.04250051e-33 ... -4.36711286e-33
     5.84896602e-34 -5.55024249e-03]
   [-2.50957697e-24 -3.78982890e-22 -6.69247137e-33 ... -2.51041402e-33
    -3.86097034e-33 -1.48439012e-03]
   [ 2.44443836e-26 -1.04497968e-22 -7.46779733e-33 ... -8.17160988e-33
     3.19901016e-33 -3.21953967e-02]]

  [[ 9.20161934e-26  9.15541238e-23 -6.05045016e-33 ... -7.57997990e-33
     3.57287159e-32 -6.33541541e-03]
   [-1.12659765e-25 -1.34677300e-22  9.83448843e-33 ...  2.70586016e-33
    -5.71923699e-33 -1.85374282e-02]
   [ 9.28051714e-26 -8.24962462e-23 -1.00090523e-32 ... -7.98664510e-33
    -5.61621446e-34 -3.37878168e-02]
   ...
   [ 1.51683728e-25 -2.51878339e-22 -4.55338096e-33 ... -8.14971262e-33
     6.02885486e-33 -5.33655845e-03]
   [-2.94259988e-24 -3.68469053e-22  1.00726384e-33 ... -2.66950102e-33
    -2.98021430e-33 -2.86479620e-03]
   [-4.90674343e-25  1.76019859e-23  1.72908221e-33 ... -1.15466555e-32
     1.86028777e-33 -3.12260054e-02]]

  [[-7.31372112e-26  3.01507466e-23  5.53118287e-33 ...  2.64339880e-33
     6.33423874e-33 -6.46611257e-03]
   [ 1.17042504e-25 -3.06408873e-22 -7.68077560e-33 ... -4.42018569e-33
     4.82182126e-33 -1.78512149e-02]
   [ 5.05063954e-25 -2.26241824e-22  5.08915990e-33 ...  3.13379080e-34
     2.90770576e-33 -3.25316228e-02]
   ...
   [ 2.94887546e-25 -1.97043785e-22  1.18805019e-33 ...  1.05659457e-33
     6.67353636e-33 -5.35351504e-03]
   [-3.49214878e-24 -3.57855983e-22 -1.11708911e-32 ... -2.68460061e-33
    -3.52157830e-33  2.88372785e-02]
   [-3.26997981e-25  6.81984137e-23  2.13368792e-33 ... -7.64461592e-33
    -4.10786089e-33 -3.09677068e-02]]]


 [[[-8.27406251e-26 -1.24383864e-23  6.78884722e-34 ... -8.77637454e-33
     2.75197333e-33 -6.96165115e-03]
   [-5.98906404e-26  2.62936554e-23 -1.17247847e-32 ... -9.31824070e-33
    -4.71143132e-33 -1.38847381e-02]
   [-3.77001187e-25 -1.31533733e-22 -6.54680411e-33 ... -9.97609729e-33
    -7.68484942e-33 -2.91606672e-02]
   ...
   [ 1.70785748e-25 -1.42347022e-22 -8.71338126e-34 ...  8.70014960e-34
    -8.50446653e-34 -6.61806902e-03]
   [-2.33596624e-24 -6.63861313e-22 -1.02597485e-32 ... -3.16949166e-33
    -3.98387452e-33  3.00433319e-02]
   [ 2.55052881e-25  6.83622317e-23 -8.48179859e-33 ...  2.88103490e-33
     1.11095163e-33 -3.38878445e-02]]

  [[ 9.34678084e-26 -1.82231438e-22  2.35810412e-34 ... -9.46440607e-33
     5.34252264e-33 -7.09019462e-03]
   [ 1.39650345e-25  1.54588162e-22  8.66973810e-33 ... -7.66328571e-33
    -2.77291256e-33 -1.39276767e-02]
   [-8.08154126e-25 -1.22592153e-22 -1.47398304e-33 ... -6.71248564e-33
     5.97474979e-33 -2.94487029e-02]
   ...
   [ 2.15842525e-25 -3.67113020e-23 -8.08524631e-33 ... -1.88932266e-33
    -6.75670920e-33 -6.92096353e-03]
   [-2.38716193e-24 -6.00125088e-22 -3.75227935e-33 ... -3.39582612e-33
    -3.85488862e-33 -1.39837870e-02]
   [-5.94313409e-25  1.24641803e-22  3.91558527e-33 ... -9.97320852e-33
    -8.34841525e-33 -3.52813490e-02]]

  [[ 7.33668375e-27 -6.86029668e-23 -4.09685422e-33 ...  4.71383961e-33
     3.08864667e-33 -7.26901926e-03]
   [-2.48186241e-26  2.60310316e-22  1.10988928e-32 ... -5.46896102e-33
    -4.61038141e-33 -1.34251053e-02]
   [-5.19657339e-25 -6.77072499e-23 -1.15647779e-33 ... -3.72048370e-34
     5.64463498e-33 -2.93736793e-02]
   ...
   [-1.06248545e-25 -1.03994896e-22 -4.61134826e-33 ...  4.26012671e-33
    -1.98709679e-33 -6.93700463e-03]
   [-2.40693413e-24 -5.76597293e-22  5.01143805e-33 ... -2.74290568e-33
    -3.68527030e-33 -5.76767437e-02]
   [-4.99404716e-25  1.24685146e-22  2.57132465e-33 ...  2.18165525e-33
    -9.96941902e-33 -3.45295519e-02]]

  [[ 7.68857611e-26  5.90801756e-24 -3.38275977e-33 ... -4.54651019e-33
    -5.38788717e-33 -7.26064621e-03]
   [ 1.33190696e-25  2.97466977e-22  3.21385372e-33 ... -7.70053860e-33
     5.76408210e-33 -1.30902492e-02]
   [-4.04449454e-25  7.30533098e-23 -4.13152065e-33 ...  7.47510376e-33
    -3.35985048e-33 -2.98244637e-02]
   ...
   [ 1.61093088e-25  1.47377228e-22 -2.56267117e-33 ... -5.74296361e-33
     7.25641773e-33 -7.00351922e-03]
   [-2.70418895e-24 -4.41386634e-22 -5.28825007e-33 ... -3.00426932e-33
    -2.74162807e-33  1.81038585e-02]
   [-2.30700326e-25 -7.36807445e-23  9.06501203e-33 ... -4.96183108e-33
     5.26993072e-33 -3.52753215e-02]]

  [[ 8.70998459e-26 -1.41089906e-22 -9.25525918e-33 ... -3.04868354e-33
    -6.62235666e-32 -7.40265753e-03]
   [-9.54911565e-26  3.40003241e-22 -7.50381007e-33 ... -8.69417736e-33
     4.26069609e-33 -1.26070995e-02]
   [-3.89184429e-25  1.25819932e-22 -2.71840507e-33 ... -3.50387683e-34
    -9.89139705e-33 -2.84021832e-02]
   ...
   [-5.70308224e-27 -3.95924681e-23 -6.97354309e-33 ...  4.82342287e-33
     2.33835214e-35 -6.94994954e-03]
   [-3.20440901e-24 -3.01481938e-22  7.88454828e-33 ... -2.97844334e-33
    -2.61634957e-33  3.69319320e-02]
   [ 3.12776249e-25  8.13485735e-23 -4.12640945e-33 ... -6.31718599e-33
     5.23437863e-33 -3.42577137e-02]]]


 [[[-2.52655662e-27  2.44277769e-23 -5.07683961e-33 ...  4.02549289e-33
    -6.33361205e-33 -5.71329519e-03]
   [ 8.60075422e-25 -1.66086124e-21  3.20956243e-34 ...  5.90302884e-33
     4.78732491e-33 -1.79105010e-02]
   [-1.03312587e-24  2.21528661e-23 -2.99602929e-34 ... -1.76209836e-33
    -6.16543114e-34 -3.22841033e-02]
   ...
   [-8.23868642e-26  1.02599880e-22 -5.05220713e-33 ... -4.80226177e-34
    -3.21685711e-33 -5.23153879e-03]
   [-2.61716103e-24 -1.91752623e-21 -1.07914927e-33 ... -3.40890570e-33
    -4.66053131e-33  4.49667126e-02]
   [-1.23061044e-25 -2.92639300e-22 -6.82485775e-33 ... -8.12501401e-33
    -3.97683404e-33 -3.32358219e-02]]

  [[ 1.52905378e-25  4.22629264e-23  3.16314216e-33 ... -4.38171250e-33
    -3.32439206e-32 -5.63080050e-03]
   [ 3.69591096e-25 -1.71307287e-21 -7.18250999e-33 ...  5.06401570e-33
     1.95205678e-33 -1.82421487e-02]
   [-7.50345511e-25  1.22232382e-22  7.82281352e-33 ... -3.74120914e-34
    -9.11825090e-34 -3.25969681e-02]
   ...
   [-4.90661672e-25 -1.59398307e-22  7.97802506e-33 ...  4.71033370e-33
    -1.92186420e-33 -5.13454340e-03]
   [-2.57212654e-24 -1.75934713e-21 -8.14227394e-33 ... -3.10836669e-33
    -4.42993789e-33 -3.66930128e-03]
   [-9.23798521e-25 -2.76064638e-22  6.20766077e-33 ... -4.92566957e-33
     1.18782051e-33 -3.26657556e-02]]

  [[ 9.68503577e-26  5.37843472e-23 -4.29134527e-33 ...  5.29476892e-33
    -7.82964241e-33 -5.82221709e-03]
   [-1.50845415e-25 -1.64898314e-21 -7.25269508e-33 ... -5.75198773e-35
     3.72624656e-33 -1.89914368e-02]
   [ 9.58556226e-25  2.55405191e-22  1.02325865e-33 ... -4.59467828e-33
     5.09720946e-33 -3.29237059e-02]
   ...
   [ 5.09571481e-26  2.59098146e-22  6.29667949e-33 ... -8.81463982e-33
    -5.34421168e-33 -5.18006971e-03]
   [-2.40900726e-24 -1.67533791e-21 -3.79023570e-33 ... -3.06122018e-33
    -4.23125620e-33  5.72334006e-02]
   [-1.01208833e-24 -6.76613508e-23  5.10381207e-33 ... -1.13292441e-32
    -4.24430235e-33 -3.30682844e-02]]

  [[-1.22682366e-25  2.76391144e-23  9.24783814e-34 ...  1.83994143e-33
    -3.01581672e-33 -5.68187283e-03]
   [ 1.43128790e-25 -2.04164371e-21  1.15709522e-32 ...  2.33675585e-33
     4.02103630e-33 -1.88775063e-02]
   [ 9.25561921e-25  1.26705147e-22 -2.67591812e-33 ... -9.36502758e-34
    -5.50013513e-33 -3.29404660e-02]
   ...
   [ 2.86797630e-25 -2.84868452e-22  1.18770039e-33 ... -6.35968892e-33
    -8.82487984e-33 -4.96981526e-03]
   [-2.39581514e-24 -1.61822125e-21 -4.54274494e-33 ... -3.51789790e-33
    -3.24555092e-33 -3.39942612e-02]
   [-5.60950509e-25 -7.90513537e-23 -1.20733923e-34 ...  8.34880904e-34
    -5.15829696e-33 -3.16773467e-02]]

  [[-1.21943891e-26  8.42401147e-23 -4.19641638e-33 ...  2.33566099e-33
    -8.16646709e-33 -5.76340035e-03]
   [ 1.64894954e-25 -2.00957512e-21 -2.88233198e-33 ... -1.12754961e-33
     4.41983892e-33 -1.85160190e-02]
   [ 3.71791476e-25  2.24216206e-22 -3.24350336e-33 ... -9.14490450e-33
    -1.49310925e-33 -3.19770835e-02]
   ...
   [ 7.53143132e-26 -2.28571097e-22 -1.22553790e-33 ... -1.52115581e-33
    -8.29948970e-33 -4.88276733e-03]
   [-2.74550633e-24 -1.52413299e-21 -6.23657132e-33 ... -3.62204744e-33
    -2.91638202e-33 -3.58017087e-02]
   [-5.28082324e-25 -2.30452599e-22 -6.95131229e-33 ... -1.64440639e-33
     4.56973282e-33 -3.12793963e-02]]]


 [[[-3.38123533e-26 -8.91747426e-23  4.24191463e-33 ...  1.49183164e-33
    -2.83682346e-32 -7.13993004e-03]
   [-2.55936356e-25 -8.74826499e-22 -8.75088835e-33 ... -3.87744893e-33
    -5.99926950e-34 -1.41240116e-02]
   [-9.14943989e-27 -4.34671194e-22  2.49545457e-33 ... -1.13064410e-32
     3.06245960e-33 -2.67103110e-02]
   ...
   [-4.10082291e-25 -3.30342257e-23 -9.29228284e-33 ... -5.37203710e-33
     2.61996532e-33 -5.66474814e-03]
   [-2.19420024e-24 -2.01346384e-21  5.35348560e-33 ... -3.30072936e-33
    -5.25782460e-33 -3.75288539e-02]
   [-5.87748706e-25 -2.15593540e-22  1.01865460e-32 ...  1.27180334e-33
     2.80716941e-33 -3.15437019e-02]]

  [[ 1.01505512e-25 -5.99073846e-23 -9.13940980e-33 ...  5.70309451e-34
     9.42111115e-33 -7.30208866e-03]
   [ 2.85440875e-26 -9.06309849e-22 -9.82416098e-33 ...  2.38264991e-33
     4.57315865e-33 -1.37823755e-02]
   [-4.91157914e-25 -1.66368190e-22 -5.12954768e-33 ... -4.15169691e-33
    -4.91375447e-33 -2.68882066e-02]
   ...
   [-7.36667797e-25 -5.58378720e-23  3.30780437e-33 ... -3.51227280e-33
     6.82997042e-33 -5.88804018e-03]
   [-2.33813896e-24 -1.88811932e-21 -1.68248249e-33 ... -3.16147406e-33
    -4.80282012e-33 -2.17430219e-02]
   [-8.64878599e-25 -1.72222535e-22 -8.51077820e-33 ... -1.74812651e-33
     4.32270121e-33 -3.23097110e-02]]

  [[-1.80443686e-25 -3.57607940e-23  7.13972273e-33 ... -5.49745574e-33
    -3.62196552e-33 -7.52768712e-03]
   [ 7.41061111e-26 -1.10013153e-21 -9.71479739e-33 ... -1.25132108e-34
     5.90474322e-33 -1.36639755e-02]
   [ 1.09897120e-24 -2.32855104e-22 -2.00748942e-33 ... -2.01695912e-33
     6.59502363e-33 -2.60142311e-02]
   ...
   [-2.44803260e-25  1.40071531e-23  9.48782192e-33 ... -6.09640243e-33
    -3.93090601e-33 -5.99111384e-03]
   [-2.33337502e-24 -1.83899577e-21  9.55559652e-33 ... -3.21284647e-33
    -4.43586054e-33  2.30283160e-02]
   [-2.25047915e-25  2.54265925e-22  4.13683205e-33 ...  1.03541142e-33
    -8.77972249e-33 -3.22212726e-02]]

  [[ 3.63467847e-26 -2.51045895e-23 -1.91878588e-33 ... -7.70096839e-33
    -9.47875739e-33 -7.56430905e-03]
   [ 5.79019837e-26 -8.28141079e-22 -1.05130007e-32 ... -3.85119867e-34
     3.36808519e-35 -1.31497318e-02]
   [-4.56546987e-25 -1.46867978e-23 -4.57933147e-33 ... -1.21930429e-33
     2.79014972e-33 -2.53592543e-02]
   ...
   [-1.52245397e-25 -1.39942394e-23  5.41824652e-34 ...  2.86800491e-33
    -7.21596162e-33 -6.05838234e-03]
   [-2.01521066e-24 -1.83040549e-21 -6.73460844e-33 ... -3.78465688e-33
    -4.72685674e-33  8.38457271e-02]
   [-5.74096112e-26  1.70507981e-22  6.42708148e-33 ... -8.75749757e-33
    -4.31598914e-34 -3.22937779e-02]]

  [[ 2.65709751e-25 -4.25940492e-23 -7.43687595e-33 ... -1.12719204e-32
     3.94593176e-33 -7.58138811e-03]
   [ 1.34776836e-25 -9.34667644e-22 -1.87077685e-33 ... -3.24639287e-33
     1.46721091e-33 -1.23030692e-02]
   [ 5.11100466e-25 -1.99696894e-22 -8.08397016e-33 ... -9.30858475e-33
    -4.93764492e-33 -2.38511600e-02]
   ...
   [ 2.33467773e-25 -2.37541133e-23 -3.36758193e-33 ...  3.59420328e-33
    -3.59084761e-33 -5.95850125e-03]
   [-2.27356596e-24 -1.85605658e-21 -6.76627626e-33 ... -3.81704064e-33
    -3.78248368e-33  2.57701688e-02]
   [-3.22711410e-25  4.48799806e-22  1.46878754e-34 ...  1.53630940e-33
    -6.55862518e-33 -3.12763564e-02]]]]
	OpName : Ops.IDENTITY
	Original : [[[[-3.17358200e-25 -4.98586850e-22 -5.46507270e-33 ... -3.48125591e-33
    -1.38908902e-33 -7.29146320e-03]
   [ 2.51724479e-25  1.65301524e-22 -3.91227442e-33 ...  6.89280500e-35
     6.97044640e-34 -8.94086901e-03]
   [-7.54053798e-25 -6.71987615e-22 -4.16067438e-33 ... -4.26000071e-33
     2.32284296e-33 -2.49048136e-02]
   ...
   [-4.63768072e-25 -2.22536273e-22 -3.15102538e-33 ... -2.28864195e-33
     1.97748125e-33 -6.17425097e-03]
   [-2.02736326e-24 -7.07733793e-22  7.40125847e-33 ... -3.73459772e-33
    -6.08021918e-33  4.94518951e-02]
   [-1.96892360e-25 -4.60224633e-22  2.70221135e-33 ... -7.20916432e-33
    -5.82118321e-33 -2.94137169e-02]]

  [[-4.57885931e-25 -3.12359131e-22 -2.18009166e-33 ... -3.68867666e-33
     1.57276001e-33 -7.39124650e-03]
   [ 1.15413346e-25  1.18781374e-23 -2.84172453e-34 ... -3.23431797e-33
     7.60728957e-33 -9.34319571e-03]
   [-5.94598385e-25 -4.91510175e-22 -8.18353674e-33 ... -7.33037836e-33
     6.97112672e-33 -2.57495660e-02]
   ...
   [-1.80629426e-26 -1.85376494e-22 -3.50167131e-33 ...  2.39024250e-33
    -1.41350183e-33 -6.46144804e-03]
   [-2.26156719e-24 -6.51612083e-22  1.05658266e-32 ... -4.12282236e-33
    -5.32892327e-33 -1.30798835e-02]
   [-4.90630166e-25 -4.63474790e-22 -7.54738123e-33 ... -1.78856241e-34
     5.98387236e-33 -3.13447490e-02]]

  [[-5.49729259e-25 -4.72253739e-22 -3.37176412e-33 ... -4.55323108e-33
     7.43618608e-33 -7.60679180e-03]
   [-4.29925496e-26 -5.44095415e-23  1.00904457e-32 ...  2.42285402e-33
     6.58928575e-33 -8.74601956e-03]
   [-6.80444645e-25 -5.84908933e-22  5.88708877e-33 ... -2.80336889e-33
    -1.76930267e-34 -2.53429394e-02]
   ...
   [-6.10479191e-25 -2.78880480e-22  2.59886520e-33 ...  5.95355563e-34
     7.64987112e-34 -6.46246225e-03]
   [-2.48016251e-24 -5.21993224e-22 -7.02020508e-33 ... -3.96413797e-33
    -5.32336466e-33 -3.22548971e-02]
   [-3.79784708e-25 -4.91728582e-22  2.05874979e-35 ... -8.39715492e-34
     6.38631534e-33 -3.04035582e-02]]

  [[-3.48239047e-25 -2.16459166e-22  8.67828688e-33 ...  2.25604990e-33
     7.83673872e-33 -7.60972127e-03]
   [ 1.90874621e-25 -4.82590076e-23 -7.67967798e-33 ...  1.41641339e-33
    -1.00949839e-33 -8.37042276e-03]
   [-2.81394154e-25 -3.62219028e-22  2.27891437e-33 ...  7.76442671e-34
    -4.57267156e-33 -2.38965917e-02]
   ...
   [ 2.44944664e-25 -2.88485827e-22 -5.02861698e-34 ...  5.46077370e-34
     1.98885746e-33 -6.52215164e-03]
   [-2.95497533e-24 -5.24232882e-22  4.45642251e-33 ... -3.72426990e-33
    -5.18616647e-33 -3.08504291e-02]
   [-7.31065603e-25 -5.46578421e-22 -5.95397587e-33 ... -5.59661934e-33
     6.47455015e-33 -3.12837586e-02]]

  [[ 1.86118123e-25 -4.15952749e-22  5.68424179e-33 ... -5.46164650e-33
     5.19974049e-33 -7.76133500e-03]
   [ 1.30456442e-25  8.40896695e-24 -8.29262481e-33 ...  7.87726682e-34
    -3.26846792e-33 -8.04818701e-03]
   [-4.08534842e-25 -6.21607045e-22 -2.49874008e-33 ...  3.28396571e-33
     4.76356523e-33 -2.44406816e-02]
   ...
   [ 2.53699146e-25 -1.60115464e-22 -1.79857395e-33 ... -7.17371582e-33
     1.03807656e-32 -6.51014503e-03]
   [-3.36488935e-24 -4.49400098e-22 -1.66082952e-33 ... -3.48432542e-33
    -4.63945580e-33  9.96255875e-03]
   [-1.30373501e-25 -6.34151776e-22 -5.58510794e-33 ... -8.16304934e-33
     6.60775350e-33 -3.02815065e-02]]]


 [[[ 1.36515893e-25 -2.46053719e-22  2.03149301e-33 ...  2.36725240e-33
     2.08763095e-33 -6.48119859e-03]
   [ 2.86162054e-25  7.38999721e-23 -6.86851561e-33 ... -7.65650605e-33
     5.59397778e-33 -1.75562762e-02]
   [-7.38512203e-25 -1.27718120e-22 -1.09925884e-32 ...  2.86991325e-33
     3.58936392e-33 -3.25044058e-02]
   ...
   [ 1.32474829e-25 -7.53617061e-23  8.79221359e-33 ... -4.67839405e-34
     6.64347824e-33 -5.55165391e-03]
   [-2.08529405e-24 -4.30179609e-22  9.82854337e-34 ... -2.73551366e-33
    -4.99057669e-33  7.86390081e-02]
   [-1.31988336e-25 -1.34703162e-22 -2.62627056e-33 ...  2.76103750e-33
     2.38902733e-33 -3.15859728e-02]]

  [[-7.08453361e-26 -1.72247274e-22 -6.69844876e-33 ...  4.64939019e-33
     5.20017395e-33 -6.39167614e-03]
   [ 1.50579187e-25 -5.05420121e-23 -1.03820499e-32 ... -4.57067248e-33
    -4.31660591e-33 -1.82419848e-02]
   [-2.01165792e-25 -2.06859347e-22 -5.60515012e-33 ... -8.44896556e-33
     3.13929064e-33 -3.43559980e-02]
   ...
   [ 2.42210275e-25 -2.55179893e-22  1.68935565e-33 ... -3.27223905e-33
     6.41390419e-33 -5.50778722e-03]
   [-2.29821017e-24 -4.07457739e-22  1.68547706e-33 ... -3.02698318e-33
    -4.22937688e-33  1.86430791e-03]
   [-2.08157072e-25 -1.58813730e-22  1.84183067e-34 ... -3.09379828e-33
    -7.14050958e-33 -3.16955931e-02]]

  [[ 1.23974163e-25 -1.00125508e-22 -9.60954877e-34 ... -1.60361050e-33
     7.79395807e-33 -6.56394614e-03]
   [-1.09633325e-25 -2.31547816e-22  9.67034387e-34 ... -7.47605297e-33
     1.77162574e-33 -1.83498356e-02]
   [-5.57588088e-26 -1.76312104e-22 -8.36378924e-33 ... -5.75641200e-33
    -3.03236253e-33 -3.34555618e-02]
   ...
   [-1.42170657e-25 -1.27647145e-23  6.04250051e-33 ... -4.36711286e-33
     5.84896602e-34 -5.55024249e-03]
   [-2.50957697e-24 -3.78982890e-22 -6.69247137e-33 ... -2.51041402e-33
    -3.86097034e-33 -1.48439012e-03]
   [ 2.44443836e-26 -1.04497968e-22 -7.46779733e-33 ... -8.17160988e-33
     3.19901016e-33 -3.21953967e-02]]

  [[ 9.20161934e-26  9.15541238e-23 -6.05045016e-33 ... -7.57997990e-33
     3.57287159e-32 -6.33541541e-03]
   [-1.12659765e-25 -1.34677300e-22  9.83448843e-33 ...  2.70586016e-33
    -5.71923699e-33 -1.85374282e-02]
   [ 9.28051714e-26 -8.24962462e-23 -1.00090523e-32 ... -7.98664510e-33
    -5.61621446e-34 -3.37878168e-02]
   ...
   [ 1.51683728e-25 -2.51878339e-22 -4.55338096e-33 ... -8.14971262e-33
     6.02885486e-33 -5.33655845e-03]
   [-2.94259988e-24 -3.68469053e-22  1.00726384e-33 ... -2.66950102e-33
    -2.98021430e-33 -2.86479620e-03]
   [-4.90674343e-25  1.76019859e-23  1.72908221e-33 ... -1.15466555e-32
     1.86028777e-33 -3.12260054e-02]]

  [[-7.31372112e-26  3.01507466e-23  5.53118287e-33 ...  2.64339880e-33
     6.33423874e-33 -6.46611257e-03]
   [ 1.17042504e-25 -3.06408873e-22 -7.68077560e-33 ... -4.42018569e-33
     4.82182126e-33 -1.78512149e-02]
   [ 5.05063954e-25 -2.26241824e-22  5.08915990e-33 ...  3.13379080e-34
     2.90770576e-33 -3.25316228e-02]
   ...
   [ 2.94887546e-25 -1.97043785e-22  1.18805019e-33 ...  1.05659457e-33
     6.67353636e-33 -5.35351504e-03]
   [-3.49214878e-24 -3.57855983e-22 -1.11708911e-32 ... -2.68460061e-33
    -3.52157830e-33  2.88372785e-02]
   [-3.26997981e-25  6.81984137e-23  2.13368792e-33 ... -7.64461592e-33
    -4.10786089e-33 -3.09677068e-02]]]


 [[[-8.27406251e-26 -1.24383864e-23  6.78884722e-34 ... -8.77637454e-33
     2.75197333e-33 -6.96165115e-03]
   [-5.98906404e-26  2.62936554e-23 -1.17247847e-32 ... -9.31824070e-33
    -4.71143132e-33 -1.38847381e-02]
   [-3.77001187e-25 -1.31533733e-22 -6.54680411e-33 ... -9.97609729e-33
    -7.68484942e-33 -2.91606672e-02]
   ...
   [ 1.70785748e-25 -1.42347022e-22 -8.71338126e-34 ...  8.70014960e-34
    -8.50446653e-34 -6.61806902e-03]
   [-2.33596624e-24 -6.63861313e-22 -1.02597485e-32 ... -3.16949166e-33
    -3.98387452e-33  3.00433319e-02]
   [ 2.55052881e-25  6.83622317e-23 -8.48179859e-33 ...  2.88103490e-33
     1.11095163e-33 -3.38878445e-02]]

  [[ 9.34678084e-26 -1.82231438e-22  2.35810412e-34 ... -9.46440607e-33
     5.34252264e-33 -7.09019462e-03]
   [ 1.39650345e-25  1.54588162e-22  8.66973810e-33 ... -7.66328571e-33
    -2.77291256e-33 -1.39276767e-02]
   [-8.08154126e-25 -1.22592153e-22 -1.47398304e-33 ... -6.71248564e-33
     5.97474979e-33 -2.94487029e-02]
   ...
   [ 2.15842525e-25 -3.67113020e-23 -8.08524631e-33 ... -1.88932266e-33
    -6.75670920e-33 -6.92096353e-03]
   [-2.38716193e-24 -6.00125088e-22 -3.75227935e-33 ... -3.39582612e-33
    -3.85488862e-33 -1.39837870e-02]
   [-5.94313409e-25  1.24641803e-22  3.91558527e-33 ... -9.97320852e-33
    -8.34841525e-33 -3.52813490e-02]]

  [[ 7.33668375e-27 -6.86029668e-23 -4.09685422e-33 ...  4.71383961e-33
     3.08864667e-33 -7.26901926e-03]
   [-2.48186241e-26  2.60310316e-22  1.10988928e-32 ... -5.46896102e-33
    -4.61038141e-33 -1.34251053e-02]
   [-5.19657339e-25 -6.77072499e-23 -1.15647779e-33 ... -3.72048370e-34
     5.64463498e-33 -2.93736793e-02]
   ...
   [-1.06248545e-25 -1.03994896e-22 -4.61134826e-33 ...  4.26012671e-33
    -1.98709679e-33 -6.93700463e-03]
   [-2.40693413e-24 -5.76597293e-22  5.01143805e-33 ... -2.74290568e-33
    -3.68527030e-33 -5.76767437e-02]
   [-4.99404716e-25  1.24685146e-22  2.57132465e-33 ...  2.18165525e-33
    -9.96941902e-33 -3.45295519e-02]]

  [[ 7.68857611e-26  5.90801756e-24 -3.38275977e-33 ... -4.54651019e-33
    -5.38788717e-33 -7.26064621e-03]
   [ 1.33190696e-25  2.97466977e-22  3.21385372e-33 ... -7.70053860e-33
     5.76408210e-33 -1.30902492e-02]
   [-4.04449454e-25  7.30533098e-23 -4.13152065e-33 ...  7.47510376e-33
    -3.35985048e-33 -2.98244637e-02]
   ...
   [ 1.61093088e-25  1.47377228e-22 -2.56267117e-33 ... -5.74296361e-33
     7.25641773e-33 -7.00351922e-03]
   [-2.70418895e-24 -4.41386634e-22 -5.28825007e-33 ... -3.00426932e-33
    -2.74162807e-33  1.81038585e-02]
   [-2.30700326e-25 -7.36807445e-23  9.06501203e-33 ... -4.96183108e-33
     5.26993072e-33 -3.52753215e-02]]

  [[ 8.70998459e-26 -1.41089906e-22 -9.25525918e-33 ... -3.04868354e-33
    -6.62235666e-32 -7.40265753e-03]
   [-9.54911565e-26  3.40003241e-22 -7.50381007e-33 ... -8.69417736e-33
     4.26069609e-33 -1.26070995e-02]
   [-3.89184429e-25  1.25819932e-22 -2.71840507e-33 ... -3.50387683e-34
    -9.89139705e-33 -2.84021832e-02]
   ...
   [-5.70308224e-27 -3.95924681e-23 -6.97354309e-33 ...  4.82342287e-33
     2.33835214e-35 -6.94994954e-03]
   [-3.20440901e-24 -3.01481938e-22  7.88454828e-33 ... -2.97844334e-33
    -2.61634957e-33  3.69319320e-02]
   [ 3.12776249e-25  8.13485735e-23 -4.12640945e-33 ... -6.31718599e-33
     5.23437863e-33 -3.42577137e-02]]]


 [[[-2.52655662e-27  2.44277769e-23 -5.07683961e-33 ...  4.02549289e-33
    -6.33361205e-33 -5.71329519e-03]
   [ 8.60075422e-25 -1.66086124e-21  3.20956243e-34 ...  5.90302884e-33
     4.78732491e-33 -1.79105010e-02]
   [-1.03312587e-24  2.21528661e-23 -2.99602929e-34 ... -1.76209836e-33
    -6.16543114e-34 -3.22841033e-02]
   ...
   [-8.23868642e-26  1.02599880e-22 -5.05220713e-33 ... -4.80226177e-34
    -3.21685711e-33 -5.23153879e-03]
   [-2.61716103e-24 -1.91752623e-21 -1.07914927e-33 ... -3.40890570e-33
    -4.66053131e-33  4.49667126e-02]
   [-1.23061044e-25 -2.92639300e-22 -6.82485775e-33 ... -8.12501401e-33
    -3.97683404e-33 -3.32358219e-02]]

  [[ 1.52905378e-25  4.22629264e-23  3.16314216e-33 ... -4.38171250e-33
    -3.32439206e-32 -5.63080050e-03]
   [ 3.69591096e-25 -1.71307287e-21 -7.18250999e-33 ...  5.06401570e-33
     1.95205678e-33 -1.82421487e-02]
   [-7.50345511e-25  1.22232382e-22  7.82281352e-33 ... -3.74120914e-34
    -9.11825090e-34 -3.25969681e-02]
   ...
   [-4.90661672e-25 -1.59398307e-22  7.97802506e-33 ...  4.71033370e-33
    -1.92186420e-33 -5.13454340e-03]
   [-2.57212654e-24 -1.75934713e-21 -8.14227394e-33 ... -3.10836669e-33
    -4.42993789e-33 -3.66930128e-03]
   [-9.23798521e-25 -2.76064638e-22  6.20766077e-33 ... -4.92566957e-33
     1.18782051e-33 -3.26657556e-02]]

  [[ 9.68503577e-26  5.37843472e-23 -4.29134527e-33 ...  5.29476892e-33
    -7.82964241e-33 -5.82221709e-03]
   [-1.50845415e-25 -1.64898314e-21 -7.25269508e-33 ... -5.75198773e-35
     3.72624656e-33 -1.89914368e-02]
   [ 9.58556226e-25  2.55405191e-22  1.02325865e-33 ... -4.59467828e-33
     5.09720946e-33 -3.29237059e-02]
   ...
   [ 5.09571481e-26  2.59098146e-22  6.29667949e-33 ... -8.81463982e-33
    -5.34421168e-33 -5.18006971e-03]
   [-2.40900726e-24 -1.67533791e-21 -3.79023570e-33 ... -3.06122018e-33
    -4.23125620e-33  5.72334006e-02]
   [-1.01208833e-24 -6.76613508e-23  5.10381207e-33 ... -1.13292441e-32
    -4.24430235e-33 -3.30682844e-02]]

  [[-1.22682366e-25  2.76391144e-23  9.24783814e-34 ...  1.83994143e-33
    -3.01581672e-33 -5.68187283e-03]
   [ 1.43128790e-25 -2.04164371e-21  1.15709522e-32 ...  2.33675585e-33
     4.02103630e-33 -1.88775063e-02]
   [ 9.25561921e-25  1.26705147e-22 -2.67591812e-33 ... -9.36502758e-34
    -5.50013513e-33 -3.29404660e-02]
   ...
   [ 2.86797630e-25 -2.84868452e-22  1.18770039e-33 ... -6.35968892e-33
    -8.82487984e-33 -4.96981526e-03]
   [-2.39581514e-24 -1.61822125e-21 -4.54274494e-33 ... -3.51789790e-33
    -3.24555092e-33 -3.39942612e-02]
   [-5.60950509e-25 -7.90513537e-23 -1.20733923e-34 ...  8.34880904e-34
    -5.15829696e-33 -3.16773467e-02]]

  [[-1.21943891e-26  8.42401147e-23 -4.19641638e-33 ...  2.33566099e-33
    -8.16646709e-33 -5.76340035e-03]
   [ 1.64894954e-25 -2.00957512e-21 -2.88233198e-33 ... -1.12754961e-33
     4.41983892e-33 -1.85160190e-02]
   [ 3.71791476e-25  2.24216206e-22 -3.24350336e-33 ... -9.14490450e-33
    -1.49310925e-33 -3.19770835e-02]
   ...
   [ 7.53143132e-26 -2.28571097e-22 -1.22553790e-33 ... -1.52115581e-33
    -8.29948970e-33 -4.88276733e-03]
   [-2.74550633e-24 -1.52413299e-21 -6.23657132e-33 ... -3.62204744e-33
    -2.91638202e-33 -3.58017087e-02]
   [-5.28082324e-25 -2.30452599e-22 -6.95131229e-33 ... -1.64440639e-33
     4.56973282e-33 -3.12793963e-02]]]


 [[[-3.38123533e-26 -8.91747426e-23  4.24191463e-33 ...  1.49183164e-33
    -2.83682346e-32 -7.13993004e-03]
   [-2.55936356e-25 -8.74826499e-22 -8.75088835e-33 ... -3.87744893e-33
    -5.99926950e-34 -1.41240116e-02]
   [-9.14943989e-27 -4.34671194e-22  2.49545457e-33 ... -1.13064410e-32
     3.06245960e-33 -2.67103110e-02]
   ...
   [-4.10082291e-25 -3.30342257e-23 -9.29228284e-33 ... -5.37203710e-33
     2.61996532e-33 -5.66474814e-03]
   [-2.19420024e-24 -2.01346384e-21  5.35348560e-33 ... -3.30072936e-33
    -5.25782460e-33 -3.75288539e-02]
   [-5.87748706e-25 -2.15593540e-22  1.01865460e-32 ...  1.27180334e-33
     2.80716941e-33 -3.15437019e-02]]

  [[ 1.01505512e-25 -5.99073846e-23 -9.13940980e-33 ...  5.70309451e-34
     9.42111115e-33 -7.30208866e-03]
   [ 2.85440875e-26 -9.06309849e-22 -9.82416098e-33 ...  2.38264991e-33
     4.57315865e-33 -1.37823755e-02]
   [-4.91157914e-25 -1.66368190e-22 -5.12954768e-33 ... -4.15169691e-33
    -4.91375447e-33 -2.68882066e-02]
   ...
   [-7.36667797e-25 -5.58378720e-23  3.30780437e-33 ... -3.51227280e-33
     6.82997042e-33 -5.88804018e-03]
   [-2.33813896e-24 -1.88811932e-21 -1.68248249e-33 ... -3.16147406e-33
    -4.80282012e-33 -2.17430219e-02]
   [-8.64878599e-25 -1.72222535e-22 -8.51077820e-33 ... -1.74812651e-33
     4.32270121e-33 -3.23097110e-02]]

  [[-1.80443686e-25 -3.57607940e-23  7.13972273e-33 ... -5.49745574e-33
    -3.62196552e-33 -7.52768712e-03]
   [ 7.41061111e-26 -1.10013153e-21 -9.71479739e-33 ... -1.25132108e-34
     5.90474322e-33 -1.36639755e-02]
   [ 1.09897120e-24 -2.32855104e-22 -2.00748942e-33 ... -2.01695912e-33
     6.59502363e-33 -2.60142311e-02]
   ...
   [-2.44803260e-25  1.40071531e-23  9.48782192e-33 ... -6.09640243e-33
    -3.93090601e-33 -5.99111384e-03]
   [-2.33337502e-24 -1.83899577e-21  9.55559652e-33 ... -3.21284647e-33
    -4.43586054e-33  2.30283160e-02]
   [-2.25047915e-25  2.54265925e-22  4.13683205e-33 ...  1.03541142e-33
    -8.77972249e-33 -3.22212726e-02]]

  [[ 3.63467847e-26 -2.51045895e-23 -1.91878588e-33 ... -7.70096839e-33
    -9.47875739e-33 -7.56430905e-03]
   [ 5.79019837e-26 -8.28141079e-22 -1.05130007e-32 ... -3.85119867e-34
     3.36808519e-35 -1.31497318e-02]
   [-4.56546987e-25 -1.46867978e-23 -4.57933147e-33 ... -1.21930429e-33
     2.79014972e-33 -2.53592543e-02]
   ...
   [-1.52245397e-25 -1.39942394e-23  5.41824652e-34 ...  2.86800491e-33
    -7.21596162e-33 -6.05838234e-03]
   [-2.01521066e-24 -1.83040549e-21 -6.73460844e-33 ... -3.78465688e-33
    -4.72685674e-33  8.38457271e-02]
   [-5.74096112e-26  1.70507981e-22  6.42708148e-33 ... -8.75749757e-33
    -4.31598914e-34 -3.22937779e-02]]

  [[ 2.65709751e-25 -4.25940492e-23 -7.43687595e-33 ... -1.12719204e-32
     3.94593176e-33 -7.58138811e-03]
   [ 1.34776836e-25 -9.34667644e-22 -1.87077685e-33 ... -3.24639287e-33
     1.46721091e-33 -1.23030692e-02]
   [ 5.11100466e-25 -1.99696894e-22 -8.08397016e-33 ... -9.30858475e-33
    -4.93764492e-33 -2.38511600e-02]
   ...
   [ 2.33467773e-25 -2.37541133e-23 -3.36758193e-33 ...  3.59420328e-33
    -3.59084761e-33 -5.95850125e-03]
   [-2.27356596e-24 -1.85605658e-21 -6.76627626e-33 ... -3.81704064e-33
    -3.78248368e-33  2.57701688e-02]
   [-3.22711410e-25  4.48799806e-22  1.46878754e-34 ...  1.53630940e-33
    -6.55862518e-33 -3.12763564e-02]]]]
	Time : 0:00:00.082391
 }

---------------------------------------
Done injections
