Starting log at 2020-10-08 23:52:23.943728

{
	Count : 19
	Injected : [[[[ 1.53757495e-26 -3.81170687e-25 -1.62850636e-33 ...  4.73926408e-33
    -5.33639011e-25 -8.94401805e-26]
   [-1.04351702e-21 -2.14648643e-21 -2.18537238e-33 ... -3.79792674e-33
    -3.19342759e-22  7.68657079e-22]
   [ 7.60032476e-33  1.17500748e-32  3.67334160e-33 ... -5.02644470e-33
     1.02985413e-32  2.80594212e-33]
   ...
   [-3.79550742e-33  3.13021068e-33  8.62901383e-33 ...  5.32643380e-33
    -7.02685544e-33  1.08566877e-33]
   [ 3.76759237e-33  7.51590002e-33 -9.60726243e-33 ... -6.42576934e-33
    -1.07620347e-33 -7.48977025e-33]
   [-1.68188347e-03 -2.03689095e-02  3.31126253e-33 ... -1.52203934e-19
    -9.19029117e-03  3.86651941e-02]]

  [[ 1.01644635e-26 -5.43906874e-25  3.76249146e-33 ...  1.63969707e-33
    -5.09084039e-25 -4.09275058e-26]
   [-1.31392551e-21 -2.81949601e-21  2.89770396e-33 ...  4.51073806e-33
    -9.70143716e-22  8.32572382e-22]
   [ 9.22044838e-33 -4.89154240e-34  2.20752347e-33 ...  4.38361221e-34
     2.84637508e-33  1.12943856e-32]
   ...
   [ 1.64939012e-33 -1.20699466e-33  6.50422918e-33 ... -1.08303114e-32
    -5.20671925e-33  1.30113798e-33]
   [ 6.70409995e-33  5.52646547e-33  2.12079054e-33 ... -2.94622139e-33
    -1.30978650e-33 -7.27170136e-33]
   [ 1.05114246e-03 -2.46801637e-02 -6.11741954e-34 ... -2.00834722e-19
    -1.25559131e-02  2.58976016e-02]]

  [[-3.27680186e-27  2.44077681e-25  2.87587999e-33 ... -8.04283814e-33
    -5.19451988e-25  2.49277781e-26]
   [-1.43287877e-21 -2.12022971e-21  1.49490353e-33 ... -3.04690193e-33
    -3.39115778e-22  4.30154265e-22]
   [-4.61808237e-33 -9.49737061e-33  2.54261191e-33 ...  7.78628283e-33
     2.22467541e-33 -4.89458583e-33]
   ...
   [-2.62570724e-33 -5.16238915e-34  4.52273949e-33 ... -9.76429084e-33
    -6.27118302e-33  1.50986601e-33]
   [ 8.72139226e-33  7.81442563e-33  8.67260557e-33 ...  6.28418913e-34
    -1.70069053e-33 -6.22016876e-33]
   [-2.54054531e-03 -2.33620405e-02 -1.89859290e-33 ... -2.86740841e-19
    -8.71063489e-03  1.29867811e-02]]

  [[-1.00333031e-25 -4.40283634e-25  8.77241018e-33 ... -1.93046735e-33
    -5.06991980e-25 -7.53288147e-26]
   [-2.47241377e-21 -1.58163658e-21 -8.29528180e-34 ... -5.65687701e-33
    -1.87357810e-22  6.68377182e-22]
   [ 1.12667401e-32 -1.83923117e-33  8.00031684e-33 ...  1.02008283e-32
    -9.52392649e-33 -5.88217465e-34]
   ...
   [-3.49379513e-33  6.52892117e-33  9.40736962e-33 ... -7.51697781e-33
    -6.17132404e-33  1.60154273e-33]
   [ 9.82222141e-33 -4.14394379e-33 -3.25581042e-33 ... -2.56211998e-33
    -1.49352067e-33 -5.68023850e-33]
   [-1.09133637e-03 -2.44291183e-02  3.18630233e-33 ... -4.17789204e-19
    -2.65843030e-02  4.38575074e-02]]

  [[-1.63890303e-25 -3.34152555e-25 -1.07989059e-32 ...  5.24082989e-33
    -5.50854865e-25 -2.46830288e-25]
   [-1.59941531e-21 -1.55695546e-22  3.69133291e-33 ...  1.13558632e-34
     4.98063551e-22  9.35792800e-22]
   [-9.26691274e-33  3.58022812e-33 -1.00791940e-32 ...  1.21032067e-33
     5.38050874e-33 -3.12966040e-33]
   ...
   [-4.10661229e-33  1.97744819e-33 -3.05005409e-33 ... -1.55196001e-33
    -8.57185615e-33  3.02547671e-33]
   [ 1.12037880e-32 -1.75676786e-33  5.93026798e-33 ...  1.89820609e-33
    -1.02303136e-33 -2.71569648e-33]
   [-1.69440859e-03 -2.51715891e-02  2.41978671e-33 ... -7.17216773e-19
    -3.12211737e-03  3.40049565e-02]]]


 [[[-1.86614600e-25 -3.94026285e-25 -4.21190352e-33 ... -1.29932827e-33
    -1.04009634e-25  8.36685105e-25]
   [ 9.17102173e-22 -2.11814742e-21  8.90890087e-34 ... -1.09053733e-33
    -2.33843434e-21 -6.52690174e-21]
   [-3.18599377e-33 -6.03641806e-33  2.83538641e-33 ... -5.35215876e-33
     7.80282277e-33 -1.44080049e-33]
   ...
   [-6.94520633e-34 -5.21670654e-33 -2.47614726e-33 ... -2.38587076e-33
    -7.98590601e-33  3.33882236e-33]
   [ 7.15686952e-33  4.46996017e-33 -7.49177227e-33 ...  6.79401645e-33
     4.92402829e-34  3.96939610e-33]
   [-6.79655513e-03 -2.23555472e-02 -5.88394248e-33 ... -1.11986606e-18
    -8.72084592e-03  1.71543956e-02]]

  [[-2.02983057e-25 -5.33536903e-25 -2.49856100e-33 ... -4.01654885e-33
    -1.27973675e-25  8.22552514e-25]
   [ 1.57019913e-21 -5.09310855e-21  9.16965895e-33 ... -9.06193738e-33
    -2.86975046e-21 -5.35647510e-21]
   [ 1.07390012e-32 -2.04481191e-33  5.30279681e-33 ... -3.21046131e-33
    -3.72660141e-33 -9.10794108e-33]
   ...
   [-6.56005928e-33 -2.33266348e-33  5.83963626e-33 ... -5.03299441e-33
    -7.68059413e-33  4.21856527e-33]
   [ 1.02075690e-32  5.84588879e-33 -8.07350018e-33 ... -6.04412085e-33
     3.52431573e-34  5.01685414e-33]
   [-3.47290607e-03 -1.93609912e-02 -6.06414118e-34 ... -1.55596437e-18
    -2.61787288e-02  7.95418769e-03]]

  [[-2.86999603e-25 -5.58069639e-25  3.43018068e-34 ... -3.45794659e-33
    -1.39225593e-25  7.69450785e-25]
   [ 1.73215134e-21 -4.77226829e-21 -8.28507520e-33 ... -2.43609266e-33
    -3.46045072e-21 -1.91924804e-21]
   [ 7.76823561e-32 -3.42663068e-33 -5.76204262e-33 ...  1.25435110e-33
    -2.56764976e-33 -5.28925291e-33]
   ...
   [-1.02146036e-32 -9.93673146e-33  6.53078800e-33 ...  9.58248081e-33
    -8.64263340e-33  3.89410863e-33]
   [ 9.02516424e-33  8.20425262e-33 -6.63829725e-33 ... -6.32583909e-33
    -4.07953386e-34  5.06903727e-33]
   [-3.07800900e-03 -1.96829475e-02 -1.88236319e-33 ... -2.37593300e-18
    -1.37069998e-02  4.58616875e-02]]

  [[-2.47558037e-25 -5.43982900e-25  1.99516266e-34 ...  1.16295300e-32
    -1.73912546e-25  7.03078839e-25]
   [ 2.00121304e-21 -7.65411627e-21 -2.81000969e-33 ... -1.06937733e-32
    -3.49802605e-21  1.14044993e-21]
   [-3.77433310e-33 -2.45981891e-33 -2.91519660e-34 ...  3.52581486e-33
     6.53548117e-33 -6.47385881e-34]
   ...
   [-4.45410973e-34  8.70631507e-33  9.94644545e-33 ...  9.97896844e-33
    -7.86295151e-33  4.83922445e-33]
   [ 1.04570758e-32  1.06505673e-32  5.21329908e-33 ...  3.56694357e-33
    -1.81165169e-34  6.94338505e-33]
   [-8.02032836e-03 -2.12345514e-02  7.16764880e-33 ... -2.72136590e-18
     1.75771937e-02  4.01956216e-02]]

  [[-2.13921994e-25 -5.25434759e-25  3.10930194e-33 ...  9.91458368e-33
    -2.24188538e-26  5.99609279e-25]
   [ 1.37210694e-21 -6.44603676e-21  1.14489623e-33 ... -4.69528884e-33
    -2.89315628e-21  5.34742943e-21]
   [ 6.39818343e-33 -8.83370560e-33  6.14553222e-33 ... -8.79346916e-33
     2.86441965e-33  1.46808775e-33]
   ...
   [-6.16885623e-33  4.91028823e-33  8.88735516e-33 ...  6.99839525e-33
    -8.64575140e-33  4.42665642e-33]
   [ 9.39773130e-33  6.44861140e-33 -8.03552216e-33 ... -5.35673510e-33
    -1.08873892e-33  1.03803616e-32]
   [-4.33672639e-03 -1.90649182e-02  6.06048704e-33 ... -3.75323194e-18
    -1.15611693e-02  3.58266458e-02]]]


 [[[-1.90042385e-25 -8.92398591e-26 -3.19389851e-35 ...  4.40436868e-33
     1.60583102e-25 -1.07856080e-24]
   [-2.01352079e-21 -7.44942946e-21 -2.38004564e-33 ... -1.82512341e-33
     7.97607341e-22  5.21632332e-21]
   [ 6.13968120e-33 -7.35249823e-33  2.38075957e-33 ...  5.13961689e-33
    -7.78005712e-34  6.39384291e-33]
   ...
   [-9.08482646e-33  8.59603460e-33 -8.43678083e-33 ... -3.25454088e-33
    -1.16932499e-32  7.87118658e-33]
   [ 4.57768430e-33  8.67765652e-33 -2.97736262e-33 ... -1.02508397e-33
     6.25366393e-34  2.42754957e-33]
   [-1.14676915e-02 -1.27080362e-02  7.46526634e-33 ... -4.44548327e-18
     5.47952065e-03  2.04421878e-02]]

  [[-2.01529420e-25 -3.73845867e-25 -6.56000198e-33 ... -3.59568477e-33
     1.65853469e-25 -1.07145563e-24]
   [-2.43471930e-21 -7.78974643e-21  3.53171437e-33 ...  1.01443164e-32
     1.36615573e-21  5.68242991e-21]
   [ 2.48843632e-33  3.09340816e-33 -3.33047745e-33 ...  4.01866401e-33
     5.57948394e-33 -1.20416447e-33]
   ...
   [-8.10440833e-33 -8.33148703e-34 -1.33514467e-33 ...  6.09100838e-33
    -1.05562655e-32  1.13601765e-32]
   [ 8.09090117e-33  5.32969433e-33 -8.99755776e-33 ...  7.79872911e-33
     1.17862686e-34  1.43170841e-33]
   [-1.01711899e-02 -1.25798983e-02  3.07543724e-33 ... -6.15779139e-18
     1.01162598e-03  3.56264189e-02]]

  [[-2.52478088e-25 -3.74653118e-25  1.22111969e-33 ... -6.42987843e-33
     1.59280508e-25 -1.13724860e-24]
   [-2.26586499e-21 -6.42162322e-21  3.84385110e-33 ... -1.20463926e-34
     1.87493007e-21  4.70385383e-21]
   [ 6.18469455e-33 -5.82883494e-33 -9.54634905e-33 ...  5.87962989e-33
     8.28949580e-33  2.28651706e-33]
   ...
   [-9.67899918e-33  8.37629356e-34  8.39650399e-33 ...  1.09036623e-32
    -1.06505555e-32  7.64358002e-33]
   [ 4.13127416e-33  7.12832411e-33  3.37340099e-33 ...  4.16684205e-33
     1.26893789e-34  3.24992964e-33]
   [-1.17383916e-02 -1.17587140e-02 -2.84532577e-33 ... -6.87567042e-18
    -1.43452184e-02  3.39173935e-02]]

  [[-1.94349640e-25  2.85161606e-25 -6.97074174e-33 ...  9.86903915e-33
     1.69710038e-25 -7.94489329e-25]
   [-2.40235343e-21 -5.96709999e-21  2.56205881e-33 ...  3.31914862e-33
     2.21027830e-21  4.84362110e-21]
   [ 4.84436283e-33  7.15765416e-33 -6.62021741e-33 ...  2.70746875e-33
     5.07872738e-33 -5.04075267e-33]
   ...
   [-8.36534677e-33 -7.46990807e-33 -1.50513805e-33 ...  8.37043593e-33
    -1.07847265e-32  6.95570313e-35]
   [ 8.84971804e-33  8.91394411e-33 -1.72103595e-33 ... -2.84866950e-33
     7.02982631e-34  4.58817853e-33]
   [-1.22810490e-02 -1.79787353e-02  3.90557410e-33 ... -9.98905376e-18
    -2.51649171e-02  3.67172714e-03]]

  [[-2.84843523e-25 -4.15368399e-25 -7.48326591e-35 ... -3.68883094e-33
     1.11295233e-25 -6.39969523e-25]
   [-1.43215428e-21 -4.17281721e-21  1.88879057e-33 ...  1.29127687e-34
     2.08339291e-21  4.03360449e-21]
   [ 9.86274952e-33 -7.55767930e-33  3.25056514e-33 ... -3.23093879e-33
     6.58933350e-33  1.07659604e-32]
   ...
   [-6.91788123e-33 -2.20897705e-33 -5.33465124e-33 ...  1.25768565e-33
    -1.06835789e-32  3.12181104e-33]
   [ 1.00725091e-32  7.81171465e-33 -2.70597551e-33 ...  8.31324886e-33
     1.00487713e-33  6.72199024e-33]
   [-1.41921528e-02 -1.53217465e-02  6.29192167e-33 ... -1.19190812e-17
    -3.49481986e-03  5.31032681e-03]]]


 [[[-1.28633631e-28  5.70049330e-25  5.52363234e-34 ...  1.39309011e-33
     2.67397223e-25 -1.74986388e-24]
   [ 2.54143973e-21 -1.01860507e-20 -5.10446153e-33 ...  4.72965993e-33
     4.50273909e-21  1.22670352e-20]
   [ 8.10014349e-33 -4.72063176e-33  2.40265131e-33 ...  5.40991796e-34
    -2.27818703e-34  6.65096540e-33]
   ...
   [-8.56190265e-33 -2.65294749e-34  8.91920004e-33 ...  6.00630373e-33
    -7.09711253e-33  3.20667696e-33]
   [ 3.83582615e-33 -1.00475416e-32  4.71460754e-34 ... -9.30221357e-33
     8.33943631e-34  3.18042339e-33]
   [-1.06027192e-02 -1.06002185e-02 -2.11977649e-33 ... -6.20239586e-18
    -1.11959325e-02 -2.12403312e-02]]

  [[-3.51740135e-26  1.69733802e-25  5.34095593e-33 ...  5.42336212e-33
     3.00416623e-25 -1.66760383e-24]
   [ 1.37770233e-21 -1.35731178e-20 -4.67065268e-33 ... -3.84295552e-33
     4.86991034e-21  1.36565952e-20]
   [ 1.46493045e-33  8.33379357e-33  7.12349944e-33 ... -2.35469004e-33
     8.07502391e-33 -1.62729854e-33]
   ...
   [-2.47526711e-33 -3.55421737e-33 -8.60477440e-33 ... -1.10730627e-32
    -7.36018449e-33  4.32126858e-33]
   [ 9.84727634e-33 -4.14120452e-33 -5.11504465e-33 ... -9.60932542e-33
     1.16728270e-33  6.50713412e-33]
   [-1.18827512e-02 -9.19948332e-03 -4.76784917e-34 ... -8.35313700e-18
     1.15108117e-03  2.12245267e-02]]

  [[-2.40928906e-26  4.90581060e-25  3.46591534e-33 ... -7.45420567e-33
     3.11535889e-25 -1.62744322e-24]
   [ 7.28600818e-22 -1.50206677e-20  4.66710930e-33 ... -4.17277719e-33
     5.03554276e-21  1.41277360e-20]
   [ 8.43858889e-33  9.68174763e-33 -3.06287726e-33 ... -1.05273703e-32
    -5.71803541e-33  1.15456963e-33]
   ...
   [-4.77520335e-33 -4.46179672e-33  6.58821421e-35 ... -4.69825660e-33
    -9.07674787e-33  3.37094862e-34]
   [ 9.58907386e-33 -3.15848610e-33 -6.31382113e-33 ... -7.80013970e-34
     1.34883890e-33  9.71213490e-33]
   [-8.35721381e-03 -9.77749843e-03  2.41967063e-33 ... -8.53870588e-18
    -3.77244875e-02  1.48492455e-02]]

  [[-2.62442314e-26 -2.63230854e-25 -5.24665630e-33 ...  5.03696978e-33
     3.16783958e-25 -1.54495973e-24]
   [ 1.51961439e-21 -1.61011611e-20  6.06132789e-33 ... -9.53004421e-33
     5.97581205e-21  1.69426800e-20]
   [-3.59717802e-35 -8.28938192e-33  8.61679677e-33 ... -1.22196091e-33
    -2.41800639e-33 -1.40280704e-33]
   ...
   [-7.95843544e-33  2.32048260e-33  6.25428014e-33 ...  3.36420312e-33
    -7.75187170e-33  3.92288032e-33]
   [ 1.15620816e-32  1.34769123e-33 -2.35933747e-33 ... -9.01282669e-33
     1.57686120e-33  7.82044563e-33]
   [-9.30264499e-03 -1.06207291e-02 -6.91323730e-33 ... -1.12756315e-17
    -6.76874723e-03  1.83849335e-02]]

  [[-1.36450411e-26  4.56284099e-25 -5.60600309e-33 ... -9.96344677e-33
     2.80969550e-25 -1.55017400e-24]
   [ 2.51906082e-21 -1.56516207e-20  9.63406370e-33 ... -3.22052097e-33
     6.71798652e-21  1.83387864e-20]
   [-1.12786273e-32  5.66718463e-33  8.17511285e-33 ...  1.32058892e-33
    -6.11258936e-33  7.27875506e-33]
   ...
   [-3.93571157e-33  3.87405432e-33  9.68159335e-33 ...  1.16651299e-32
    -6.57773064e-33  1.25133119e-33]
   [ 1.13724670e-32  3.03214856e-33 -2.68470420e-33 ... -1.16864901e-32
     4.51464217e-34  6.01191341e-33]
   [-1.08620515e-02 -1.19940750e-02 -7.17047513e-34 ... -1.31430347e-17
    -3.05450941e-03  3.47991823e-03]]]


 [[[ 2.19242984e-25 -1.45937702e-25  1.57073986e-34 ...  4.01088958e-33
     2.04578602e-25 -1.17047542e-24]
   [-1.50190392e-21  7.60902261e-22  6.49709687e-33 ...  3.01029428e-33
    -1.31650136e-21 -2.14931230e-21]
   [ 1.55611869e-33  1.13404715e-33 -2.93991798e-33 ...  4.94673590e-33
     7.47808290e-33  8.17859231e-33]
   ...
   [-9.52622459e-33  2.86638144e-33  7.07477226e-33 ... -9.34333824e-33
    -4.74012954e-33 -9.08871587e-33]
   [ 9.87750932e-33 -6.18715133e-33  2.91679527e-33 ...  2.90391186e-33
     1.00685417e-33  5.71740432e-33]
   [-8.22592992e-03 -4.43769386e-03  6.91823563e-34 ... -3.29088471e-18
     6.81698788e-04 -2.72543393e-02]]

  [[ 1.98491455e-25 -1.19057600e-26  4.83742374e-33 ...  5.30939317e-33
     1.10712511e-25 -1.08001014e-24]
   [-1.43710040e-21  8.16219258e-22 -2.16602540e-33 ...  3.41478868e-33
    -1.24785678e-21 -1.86888535e-21]
   [ 6.57708191e-33 -2.44346962e-33  3.61424362e-33 ... -5.88755492e-33
     1.07812713e-32  7.94220921e-33]
   ...
   [-9.29071062e-33  7.74085217e-33 -6.89328989e-34 ...  6.03649116e-33
    -6.36138164e-33 -1.01978345e-32]
   [ 1.15790315e-32 -7.95731064e-33 -2.35563448e-33 ... -7.96074162e-33
     1.16505982e-33  1.00750115e-32]
   [-1.10348240e-02 -5.47580281e-03 -2.27513993e-34 ... -5.23677913e-18
    -1.25828516e-02 -2.84916386e-02]]

  [[ 1.84805064e-25  4.03452951e-25 -1.12875221e-32 ...  2.51321133e-33
     1.44643662e-25 -1.14845319e-24]
   [-1.21969538e-21  7.28080548e-22  5.61420216e-33 ...  6.20224615e-33
    -9.90243942e-22 -1.28226445e-21]
   [-2.81691646e-33  1.21297774e-33 -5.08851631e-33 ... -1.59212628e-33
    -6.85070320e-33  2.06192399e-33]
   ...
   [-6.56678017e-33  5.69182226e-33  5.97604798e-34 ...  1.09554229e-32
    -6.97009963e-33 -9.98274986e-33]
   [ 1.09917222e-32 -3.86691209e-33  9.27754802e-33 ...  6.07395857e-33
     1.18550497e-33  8.77143158e-33]
   [-9.05057136e-03 -1.87914935e-03  5.88989250e-34 ... -4.66190928e-18
    -1.53800398e-02  7.89755583e-03]]

  [[ 1.73405420e-25  3.61361650e-25 -8.80480387e-33 ...  5.64529876e-33
     2.73131847e-25 -1.43276852e-24]
   [-9.80090583e-22  9.57678048e-22 -2.37422969e-33 ... -2.72678543e-33
    -5.45640573e-22 -9.39378898e-22]
   [ 9.96782843e-33  7.21219710e-33 -1.15417551e-32 ...  2.95668770e-33
     9.20267050e-33  1.86914989e-33]
   ...
   [-1.01262491e-32  9.66796937e-33 -6.83822459e-33 ...  6.66818566e-33
    -8.28446101e-33 -1.04880354e-32]
   [ 1.12914270e-32 -6.56538280e-33 -2.14668723e-33 ...  7.44151401e-33
     1.24803916e-33  6.19745013e-33]
   [-9.43106320e-03 -3.09016486e-03 -6.44431276e-33 ... -5.59902261e-18
    -1.46124298e-02 -6.53385464e-03]]

  [[ 1.70174677e-25  4.93753267e-25  5.23256396e-33 ... -4.26087290e-12
     2.02270099e-25 -1.37467631e-24]
   [-9.34869794e-22  9.09783462e-22 -2.38101285e-33 ... -6.36552452e-33
    -3.82693338e-22 -4.34031926e-22]
   [-2.93414006e-33 -5.53498927e-33  2.72351039e-33 ... -4.79390363e-33
     2.29028654e-33 -5.16256989e-33]
   ...
   [-7.06703971e-33  3.64471501e-33 -1.16602216e-33 ... -6.65978675e-33
    -9.16433028e-33 -1.13122068e-32]
   [ 1.14327126e-32 -5.25227076e-33  1.53249345e-33 ...  5.78792994e-33
     1.28483011e-33  4.51328301e-33]
   [-7.97872897e-03 -3.81752965e-03 -4.41901479e-34 ... -6.74461647e-18
     5.94786927e-03  2.72037201e-02]]]]
	OpName : Ops.IDENTITY
	Original : [[[[ 1.53757495e-26 -3.81170687e-25 -1.62850636e-33 ...  4.73926408e-33
    -5.33639011e-25 -8.94401805e-26]
   [-1.04351702e-21 -2.14648643e-21 -2.18537238e-33 ... -3.79792674e-33
    -3.19342759e-22  7.68657079e-22]
   [ 7.60032476e-33  1.17500748e-32  3.67334160e-33 ... -5.02644470e-33
     1.02985413e-32  2.80594212e-33]
   ...
   [-3.79550742e-33  3.13021068e-33  8.62901383e-33 ...  5.32643380e-33
    -7.02685544e-33  1.08566877e-33]
   [ 3.76759237e-33  7.51590002e-33 -9.60726243e-33 ... -6.42576934e-33
    -1.07620347e-33 -7.48977025e-33]
   [-1.68188347e-03 -2.03689095e-02  3.31126253e-33 ... -1.52203934e-19
    -9.19029117e-03  3.86651941e-02]]

  [[ 1.01644635e-26 -5.43906874e-25  3.76249146e-33 ...  1.63969707e-33
    -5.09084039e-25 -4.09275058e-26]
   [-1.31392551e-21 -2.81949601e-21  2.89770396e-33 ...  4.51073806e-33
    -9.70143716e-22  8.32572382e-22]
   [ 9.22044838e-33 -4.89154240e-34  2.20752347e-33 ...  4.38361221e-34
     2.84637508e-33  1.12943856e-32]
   ...
   [ 1.64939012e-33 -1.20699466e-33  6.50422918e-33 ... -1.08303114e-32
    -5.20671925e-33  1.30113798e-33]
   [ 6.70409995e-33  5.52646547e-33  2.12079054e-33 ... -2.94622139e-33
    -1.30978650e-33 -7.27170136e-33]
   [ 1.05114246e-03 -2.46801637e-02 -6.11741954e-34 ... -2.00834722e-19
    -1.25559131e-02  2.58976016e-02]]

  [[-3.27680186e-27  2.44077681e-25  2.87587999e-33 ... -8.04283814e-33
    -5.19451988e-25  2.49277781e-26]
   [-1.43287877e-21 -2.12022971e-21  1.49490353e-33 ... -3.04690193e-33
    -3.39115778e-22  4.30154265e-22]
   [-4.61808237e-33 -9.49737061e-33  2.54261191e-33 ...  7.78628283e-33
     2.22467541e-33 -4.89458583e-33]
   ...
   [-2.62570724e-33 -5.16238915e-34  4.52273949e-33 ... -9.76429084e-33
    -6.27118302e-33  1.50986601e-33]
   [ 8.72139226e-33  7.81442563e-33  8.67260557e-33 ...  6.28418913e-34
    -1.70069053e-33 -6.22016876e-33]
   [-2.54054531e-03 -2.33620405e-02 -1.89859290e-33 ... -2.86740841e-19
    -8.71063489e-03  1.29867811e-02]]

  [[-1.00333031e-25 -4.40283634e-25  8.77241018e-33 ... -1.93046735e-33
    -5.06991980e-25 -7.53288147e-26]
   [-2.47241377e-21 -1.58163658e-21 -8.29528180e-34 ... -5.65687701e-33
    -1.87357810e-22  6.68377182e-22]
   [ 1.12667401e-32 -1.83923117e-33  8.00031684e-33 ...  1.02008283e-32
    -9.52392649e-33 -5.88217465e-34]
   ...
   [-3.49379513e-33  6.52892117e-33  9.40736962e-33 ... -7.51697781e-33
    -6.17132404e-33  1.60154273e-33]
   [ 9.82222141e-33 -4.14394379e-33 -3.25581042e-33 ... -2.56211998e-33
    -1.49352067e-33 -5.68023850e-33]
   [-1.09133637e-03 -2.44291183e-02  3.18630233e-33 ... -4.17789204e-19
    -2.65843030e-02  4.38575074e-02]]

  [[-1.63890303e-25 -3.34152555e-25 -1.07989059e-32 ...  5.24082989e-33
    -5.50854865e-25 -2.46830288e-25]
   [-1.59941531e-21 -1.55695546e-22  3.69133291e-33 ...  1.13558632e-34
     4.98063551e-22  9.35792800e-22]
   [-9.26691274e-33  3.58022812e-33 -1.00791940e-32 ...  1.21032067e-33
     5.38050874e-33 -3.12966040e-33]
   ...
   [-4.10661229e-33  1.97744819e-33 -3.05005409e-33 ... -1.55196001e-33
    -8.57185615e-33  3.02547671e-33]
   [ 1.12037880e-32 -1.75676786e-33  5.93026798e-33 ...  1.89820609e-33
    -1.02303136e-33 -2.71569648e-33]
   [-1.69440859e-03 -2.51715891e-02  2.41978671e-33 ... -7.17216773e-19
    -3.12211737e-03  3.40049565e-02]]]


 [[[-1.86614600e-25 -3.94026285e-25 -4.21190352e-33 ... -1.29932827e-33
    -1.04009634e-25  8.36685105e-25]
   [ 9.17102173e-22 -2.11814742e-21  8.90890087e-34 ... -1.09053733e-33
    -2.33843434e-21 -6.52690174e-21]
   [-3.18599377e-33 -6.03641806e-33  2.83538641e-33 ... -5.35215876e-33
     7.80282277e-33 -1.44080049e-33]
   ...
   [-6.94520633e-34 -5.21670654e-33 -2.47614726e-33 ... -2.38587076e-33
    -7.98590601e-33  3.33882236e-33]
   [ 7.15686952e-33  4.46996017e-33 -7.49177227e-33 ...  6.79401645e-33
     4.92402829e-34  3.96939610e-33]
   [-6.79655513e-03 -2.23555472e-02 -5.88394248e-33 ... -1.11986606e-18
    -8.72084592e-03  1.71543956e-02]]

  [[-2.02983057e-25 -5.33536903e-25 -2.49856100e-33 ... -4.01654885e-33
    -1.27973675e-25  8.22552514e-25]
   [ 1.57019913e-21 -5.09310855e-21  9.16965895e-33 ... -9.06193738e-33
    -2.86975046e-21 -5.35647510e-21]
   [ 1.07390012e-32 -2.04481191e-33  5.30279681e-33 ... -3.21046131e-33
    -3.72660141e-33 -9.10794108e-33]
   ...
   [-6.56005928e-33 -2.33266348e-33  5.83963626e-33 ... -5.03299441e-33
    -7.68059413e-33  4.21856527e-33]
   [ 1.02075690e-32  5.84588879e-33 -8.07350018e-33 ... -6.04412085e-33
     3.52431573e-34  5.01685414e-33]
   [-3.47290607e-03 -1.93609912e-02 -6.06414118e-34 ... -1.55596437e-18
    -2.61787288e-02  7.95418769e-03]]

  [[-2.86999603e-25 -5.58069639e-25  3.43018068e-34 ... -3.45794659e-33
    -1.39225593e-25  7.69450785e-25]
   [ 1.73215134e-21 -4.77226829e-21 -8.28507520e-33 ... -2.43609266e-33
    -3.46045072e-21 -1.91924804e-21]
   [ 7.76823561e-32 -3.42663068e-33 -5.76204262e-33 ...  1.25435110e-33
    -2.56764976e-33 -5.28925291e-33]
   ...
   [-1.02146036e-32 -9.93673146e-33  6.53078800e-33 ...  9.58248081e-33
    -8.64263340e-33  3.89410863e-33]
   [ 9.02516424e-33  8.20425262e-33 -6.63829725e-33 ... -6.32583909e-33
    -4.07953386e-34  5.06903727e-33]
   [-3.07800900e-03 -1.96829475e-02 -1.88236319e-33 ... -2.37593300e-18
    -1.37069998e-02  4.58616875e-02]]

  [[-2.47558037e-25 -5.43982900e-25  1.99516266e-34 ...  1.16295300e-32
    -1.73912546e-25  7.03078839e-25]
   [ 2.00121304e-21 -7.65411627e-21 -2.81000969e-33 ... -1.06937733e-32
    -3.49802605e-21  1.14044993e-21]
   [-3.77433310e-33 -2.45981891e-33 -2.91519660e-34 ...  3.52581486e-33
     6.53548117e-33 -6.47385881e-34]
   ...
   [-4.45410973e-34  8.70631507e-33  9.94644545e-33 ...  9.97896844e-33
    -7.86295151e-33  4.83922445e-33]
   [ 1.04570758e-32  1.06505673e-32  5.21329908e-33 ...  3.56694357e-33
    -1.81165169e-34  6.94338505e-33]
   [-8.02032836e-03 -2.12345514e-02  7.16764880e-33 ... -2.72136590e-18
     1.75771937e-02  4.01956216e-02]]

  [[-2.13921994e-25 -5.25434759e-25  3.10930194e-33 ...  9.91458368e-33
    -2.24188538e-26  5.99609279e-25]
   [ 1.37210694e-21 -6.44603676e-21  1.14489623e-33 ... -4.69528884e-33
    -2.89315628e-21  5.34742943e-21]
   [ 6.39818343e-33 -8.83370560e-33  6.14553222e-33 ... -8.79346916e-33
     2.86441965e-33  1.46808775e-33]
   ...
   [-6.16885623e-33  4.91028823e-33  8.88735516e-33 ...  6.99839525e-33
    -8.64575140e-33  4.42665642e-33]
   [ 9.39773130e-33  6.44861140e-33 -8.03552216e-33 ... -5.35673510e-33
    -1.08873892e-33  1.03803616e-32]
   [-4.33672639e-03 -1.90649182e-02  6.06048704e-33 ... -3.75323194e-18
    -1.15611693e-02  3.58266458e-02]]]


 [[[-1.90042385e-25 -8.92398591e-26 -3.19389851e-35 ...  4.40436868e-33
     1.60583102e-25 -1.07856080e-24]
   [-2.01352079e-21 -7.44942946e-21 -2.38004564e-33 ... -1.82512341e-33
     7.97607341e-22  5.21632332e-21]
   [ 6.13968120e-33 -7.35249823e-33  2.38075957e-33 ...  5.13961689e-33
    -7.78005712e-34  6.39384291e-33]
   ...
   [-9.08482646e-33  8.59603460e-33 -8.43678083e-33 ... -3.25454088e-33
    -1.16932499e-32  7.87118658e-33]
   [ 4.57768430e-33  8.67765652e-33 -2.97736262e-33 ... -1.02508397e-33
     6.25366393e-34  2.42754957e-33]
   [-1.14676915e-02 -1.27080362e-02  7.46526634e-33 ... -4.44548327e-18
     5.47952065e-03  2.04421878e-02]]

  [[-2.01529420e-25 -3.73845867e-25 -6.56000198e-33 ... -3.59568477e-33
     1.65853469e-25 -1.07145563e-24]
   [-2.43471930e-21 -7.78974643e-21  3.53171437e-33 ...  1.01443164e-32
     1.36615573e-21  5.68242991e-21]
   [ 2.48843632e-33  3.09340816e-33 -3.33047745e-33 ...  4.01866401e-33
     5.57948394e-33 -1.20416447e-33]
   ...
   [-8.10440833e-33 -8.33148703e-34 -1.33514467e-33 ...  6.09100838e-33
    -1.05562655e-32  1.13601765e-32]
   [ 8.09090117e-33  5.32969433e-33 -8.99755776e-33 ...  7.79872911e-33
     1.17862686e-34  1.43170841e-33]
   [-1.01711899e-02 -1.25798983e-02  3.07543724e-33 ... -6.15779139e-18
     1.01162598e-03  3.56264189e-02]]

  [[-2.52478088e-25 -3.74653118e-25  1.22111969e-33 ... -6.42987843e-33
     1.59280508e-25 -1.13724860e-24]
   [-2.26586499e-21 -6.42162322e-21  3.84385110e-33 ... -1.20463926e-34
     1.87493007e-21  4.70385383e-21]
   [ 6.18469455e-33 -5.82883494e-33 -9.54634905e-33 ...  5.87962989e-33
     8.28949580e-33  2.28651706e-33]
   ...
   [-9.67899918e-33  8.37629356e-34  8.39650399e-33 ...  1.09036623e-32
    -1.06505555e-32  7.64358002e-33]
   [ 4.13127416e-33  7.12832411e-33  3.37340099e-33 ...  4.16684205e-33
     1.26893789e-34  3.24992964e-33]
   [-1.17383916e-02 -1.17587140e-02 -2.84532577e-33 ... -6.87567042e-18
    -1.43452184e-02  3.39173935e-02]]

  [[-1.94349640e-25  2.85161606e-25 -6.97074174e-33 ...  9.86903915e-33
     1.69710038e-25 -7.94489329e-25]
   [-2.40235343e-21 -5.96709999e-21  2.56205881e-33 ...  3.31914862e-33
     2.21027830e-21  4.84362110e-21]
   [ 4.84436283e-33  7.15765416e-33 -6.62021741e-33 ...  2.70746875e-33
     5.07872738e-33 -5.04075267e-33]
   ...
   [-8.36534677e-33 -7.46990807e-33 -1.50513805e-33 ...  8.37043593e-33
    -1.07847265e-32  6.95570313e-35]
   [ 8.84971804e-33  8.91394411e-33 -1.72103595e-33 ... -2.84866950e-33
     7.02982631e-34  4.58817853e-33]
   [-1.22810490e-02 -1.79787353e-02  3.90557410e-33 ... -9.98905376e-18
    -2.51649171e-02  3.67172714e-03]]

  [[-2.84843523e-25 -4.15368399e-25 -7.48326591e-35 ... -3.68883094e-33
     1.11295233e-25 -6.39969523e-25]
   [-1.43215428e-21 -4.17281721e-21  1.88879057e-33 ...  1.29127687e-34
     2.08339291e-21  4.03360449e-21]
   [ 9.86274952e-33 -7.55767930e-33  3.25056514e-33 ... -3.23093879e-33
     6.58933350e-33  1.07659604e-32]
   ...
   [-6.91788123e-33 -2.20897705e-33 -5.33465124e-33 ...  1.25768565e-33
    -1.06835789e-32  3.12181104e-33]
   [ 1.00725091e-32  7.81171465e-33 -2.70597551e-33 ...  8.31324886e-33
     1.00487713e-33  6.72199024e-33]
   [-1.41921528e-02 -1.53217465e-02  6.29192167e-33 ... -1.19190812e-17
    -3.49481986e-03  5.31032681e-03]]]


 [[[-1.28633631e-28  5.70049330e-25  5.52363234e-34 ...  1.39309011e-33
     2.67397223e-25 -1.74986388e-24]
   [ 2.54143973e-21 -1.01860507e-20 -5.10446153e-33 ...  4.72965993e-33
     4.50273909e-21  1.22670352e-20]
   [ 8.10014349e-33 -4.72063176e-33  2.40265131e-33 ...  5.40991796e-34
    -2.27818703e-34  6.65096540e-33]
   ...
   [-8.56190265e-33 -2.65294749e-34  8.91920004e-33 ...  6.00630373e-33
    -7.09711253e-33  3.20667696e-33]
   [ 3.83582615e-33 -1.00475416e-32  4.71460754e-34 ... -9.30221357e-33
     8.33943631e-34  3.18042339e-33]
   [-1.06027192e-02 -1.06002185e-02 -2.11977649e-33 ... -6.20239586e-18
    -1.11959325e-02 -2.12403312e-02]]

  [[-3.51740135e-26  1.69733802e-25  5.34095593e-33 ...  5.42336212e-33
     3.00416623e-25 -1.66760383e-24]
   [ 1.37770233e-21 -1.35731178e-20 -4.67065268e-33 ... -3.84295552e-33
     4.86991034e-21  1.36565952e-20]
   [ 1.46493045e-33  8.33379357e-33  7.12349944e-33 ... -2.35469004e-33
     8.07502391e-33 -1.62729854e-33]
   ...
   [-2.47526711e-33 -3.55421737e-33 -8.60477440e-33 ... -1.10730627e-32
    -7.36018449e-33  4.32126858e-33]
   [ 9.84727634e-33 -4.14120452e-33 -5.11504465e-33 ... -9.60932542e-33
     1.16728270e-33  6.50713412e-33]
   [-1.18827512e-02 -9.19948332e-03 -4.76784917e-34 ... -8.35313700e-18
     1.15108117e-03  2.12245267e-02]]

  [[-2.40928906e-26  4.90581060e-25  3.46591534e-33 ... -7.45420567e-33
     3.11535889e-25 -1.62744322e-24]
   [ 7.28600818e-22 -1.50206677e-20  4.66710930e-33 ... -4.17277719e-33
     5.03554276e-21  1.41277360e-20]
   [ 8.43858889e-33  9.68174763e-33 -3.06287726e-33 ... -1.05273703e-32
    -5.71803541e-33  1.15456963e-33]
   ...
   [-4.77520335e-33 -4.46179672e-33  6.58821421e-35 ... -4.69825660e-33
    -9.07674787e-33  3.37094862e-34]
   [ 9.58907386e-33 -3.15848610e-33 -6.31382113e-33 ... -7.80013970e-34
     1.34883890e-33  9.71213490e-33]
   [-8.35721381e-03 -9.77749843e-03  2.41967063e-33 ... -8.53870588e-18
    -3.77244875e-02  1.48492455e-02]]

  [[-2.62442314e-26 -2.63230854e-25 -5.24665630e-33 ...  5.03696978e-33
     3.16783958e-25 -1.54495973e-24]
   [ 1.51961439e-21 -1.61011611e-20  6.06132789e-33 ... -9.53004421e-33
     5.97581205e-21  1.69426800e-20]
   [-3.59717802e-35 -8.28938192e-33  8.61679677e-33 ... -1.22196091e-33
    -2.41800639e-33 -1.40280704e-33]
   ...
   [-7.95843544e-33  2.32048260e-33  6.25428014e-33 ...  3.36420312e-33
    -7.75187170e-33  3.92288032e-33]
   [ 1.15620816e-32  1.34769123e-33 -2.35933747e-33 ... -9.01282669e-33
     1.57686120e-33  7.82044563e-33]
   [-9.30264499e-03 -1.06207291e-02 -6.91323730e-33 ... -1.12756315e-17
    -6.76874723e-03  1.83849335e-02]]

  [[-1.36450411e-26  4.56284099e-25 -5.60600309e-33 ... -9.96344677e-33
     2.80969550e-25 -1.55017400e-24]
   [ 2.51906082e-21 -1.56516207e-20  9.63406370e-33 ... -3.22052097e-33
     6.71798652e-21  1.83387864e-20]
   [-1.12786273e-32  5.66718463e-33  8.17511285e-33 ...  1.32058892e-33
    -6.11258936e-33  7.27875506e-33]
   ...
   [-3.93571157e-33  3.87405432e-33  9.68159335e-33 ...  1.16651299e-32
    -6.57773064e-33  1.25133119e-33]
   [ 1.13724670e-32  3.03214856e-33 -2.68470420e-33 ... -1.16864901e-32
     4.51464217e-34  6.01191341e-33]
   [-1.08620515e-02 -1.19940750e-02 -7.17047513e-34 ... -1.31430347e-17
    -3.05450941e-03  3.47991823e-03]]]


 [[[ 2.19242984e-25 -1.45937702e-25  1.57073986e-34 ...  4.01088958e-33
     2.04578602e-25 -1.17047542e-24]
   [-1.50190392e-21  7.60902261e-22  6.49709687e-33 ...  3.01029428e-33
    -1.31650136e-21 -2.14931230e-21]
   [ 1.55611869e-33  1.13404715e-33 -2.93991798e-33 ...  4.94673590e-33
     7.47808290e-33  8.17859231e-33]
   ...
   [-9.52622459e-33  2.86638144e-33  7.07477226e-33 ... -9.34333824e-33
    -4.74012954e-33 -9.08871587e-33]
   [ 9.87750932e-33 -6.18715133e-33  2.91679527e-33 ...  2.90391186e-33
     1.00685417e-33  5.71740432e-33]
   [-8.22592992e-03 -4.43769386e-03  6.91823563e-34 ... -3.29088471e-18
     6.81698788e-04 -2.72543393e-02]]

  [[ 1.98491455e-25 -1.19057600e-26  4.83742374e-33 ...  5.30939317e-33
     1.10712511e-25 -1.08001014e-24]
   [-1.43710040e-21  8.16219258e-22 -2.16602540e-33 ...  3.41478868e-33
    -1.24785678e-21 -1.86888535e-21]
   [ 6.57708191e-33 -2.44346962e-33  3.61424362e-33 ... -5.88755492e-33
     1.07812713e-32  7.94220921e-33]
   ...
   [-9.29071062e-33  7.74085217e-33 -6.89328989e-34 ...  6.03649116e-33
    -6.36138164e-33 -1.01978345e-32]
   [ 1.15790315e-32 -7.95731064e-33 -2.35563448e-33 ... -7.96074162e-33
     1.16505982e-33  1.00750115e-32]
   [-1.10348240e-02 -5.47580281e-03 -2.27513993e-34 ... -5.23677913e-18
    -1.25828516e-02 -2.84916386e-02]]

  [[ 1.84805064e-25  4.03452951e-25 -1.12875221e-32 ...  2.51321133e-33
     1.44643662e-25 -1.14845319e-24]
   [-1.21969538e-21  7.28080548e-22  5.61420216e-33 ...  6.20224615e-33
    -9.90243942e-22 -1.28226445e-21]
   [-2.81691646e-33  1.21297774e-33 -5.08851631e-33 ... -1.59212628e-33
    -6.85070320e-33  2.06192399e-33]
   ...
   [-6.56678017e-33  5.69182226e-33  5.97604798e-34 ...  1.09554229e-32
    -6.97009963e-33 -9.98274986e-33]
   [ 1.09917222e-32 -3.86691209e-33  9.27754802e-33 ...  6.07395857e-33
     1.18550497e-33  8.77143158e-33]
   [-9.05057136e-03 -1.87914935e-03  5.88989250e-34 ... -4.66190928e-18
    -1.53800398e-02  7.89755583e-03]]

  [[ 1.73405420e-25  3.61361650e-25 -8.80480387e-33 ...  5.64529876e-33
     2.73131847e-25 -1.43276852e-24]
   [-9.80090583e-22  9.57678048e-22 -2.37422969e-33 ... -2.72678543e-33
    -5.45640573e-22 -9.39378898e-22]
   [ 9.96782843e-33  7.21219710e-33 -1.15417551e-32 ...  2.95668770e-33
     9.20267050e-33  1.86914989e-33]
   ...
   [-1.01262491e-32  9.66796937e-33 -6.83822459e-33 ...  6.66818566e-33
    -8.28446101e-33 -1.04880354e-32]
   [ 1.12914270e-32 -6.56538280e-33 -2.14668723e-33 ...  7.44151401e-33
     1.24803916e-33  6.19745013e-33]
   [-9.43106320e-03 -3.09016486e-03 -6.44431276e-33 ... -5.59902261e-18
    -1.46124298e-02 -6.53385464e-03]]

  [[ 1.70174677e-25  4.93753267e-25  5.23256396e-33 ... -4.26087290e-12
     2.02270099e-25 -1.37467631e-24]
   [-9.34869794e-22  9.09783462e-22 -2.38101285e-33 ... -6.36552452e-33
    -3.82693338e-22 -4.34031926e-22]
   [-2.93414006e-33 -5.53498927e-33  2.72351039e-33 ... -4.79390363e-33
     2.29028654e-33 -5.16256989e-33]
   ...
   [-7.06703971e-33  3.64471501e-33 -1.16602216e-33 ... -6.65978675e-33
    -9.16433028e-33 -1.13122068e-32]
   [ 1.14327126e-32 -5.25227076e-33  1.53249345e-33 ...  5.78792994e-33
     1.28483011e-33  4.51328301e-33]
   [-7.97872897e-03 -3.81752965e-03 -4.41901479e-34 ... -6.74461647e-18
     5.94786927e-03  2.72037201e-02]]]]
	Time : 0:00:00.106112
 }

---------------------------------------
Done injections
