Starting log at 2020-10-08 23:52:23.916654

{
	Count : 13
	Injected : [ 1.49067119e-02  2.42968760e-02  1.92572293e-03 -8.24623974e-04
 -3.90230824e-04 -2.95099555e-33  2.23151576e-02  1.18253147e-02
  3.49286664e-03 -5.33883067e-05  1.12022320e-02  1.47544071e-02
  1.51027748e-02  1.35434875e-02 -3.14436812e-19  7.36201508e-03
  1.18336231e-02  7.55774556e-03  1.26174223e-02  1.37243941e-02
  1.13342600e-02  1.91130545e-02  1.36110438e-02  1.73879489e-02
 -2.46615877e-04  1.82383433e-02  5.07521257e-03  1.18642561e-02
  1.19882394e-02  9.07953365e-11  1.42973894e-02  5.99659514e-03
  8.71524028e-03  1.96498279e-02  2.13130414e-02 -5.81153459e-11
  2.18235049e-02  1.64010916e-02 -1.94481161e-23  2.67200749e-02
 -2.54547413e-05  2.30388790e-02  1.27130840e-02  1.94700826e-02
  1.59309004e-02  9.11793299e-03  1.03138527e-02  1.77824050e-02
  1.36051197e-02  1.52607830e-02  1.32167563e-02  2.03498695e-02
  1.07900593e-02  1.65056102e-02  1.32032428e-02 -6.45753880e-06
  1.74281038e-02  1.94401667e-02  1.29341120e-02  9.29622538e-03
 -9.88404580e-33  1.10109169e-02  1.44100878e-02  2.05214471e-02
  1.50909498e-02 -3.29041475e-04  2.49033254e-02  1.80464610e-02
  2.08462309e-02 -3.80958596e-07  1.48769217e-02  4.00398779e+00
  1.59134604e-02  2.36548297e-02  2.30187774e-02  6.79407828e-03
  1.16915582e-02  1.30605679e-02 -7.84953227e-06  2.56492712e-08
 -2.20075463e-13  1.99737642e-02  1.21016093e-02  2.21826695e-02
  1.83255319e-02 -2.35658209e-03  1.21921916e-02  2.43191309e-02
  1.33142211e-02  1.02108484e-02  1.60994790e-02  1.90385301e-02
  1.25645716e-02  2.10588034e-02  2.20001284e-02  2.31037568e-02
  1.02185961e-02 -6.32428965e-33  9.85180959e-03 -1.21276680e-05]
	OpName : Ops.IDENTITY
	Original : [ 1.49067119e-02  2.42968760e-02  1.92572293e-03 -8.24623974e-04
 -3.90230824e-04 -2.95099555e-33  2.23151576e-02  1.18253147e-02
  3.49286664e-03 -5.33883067e-05  1.12022320e-02  1.47544071e-02
  1.51027748e-02  1.35434875e-02 -3.14436812e-19  7.36201508e-03
  1.18336231e-02  7.55774556e-03  1.26174223e-02  1.37243941e-02
  1.13342600e-02  1.91130545e-02  1.36110438e-02  1.73879489e-02
 -2.46615877e-04  1.82383433e-02  5.07521257e-03  1.18642561e-02
  1.19882394e-02  9.07953365e-11  1.42973894e-02  5.99659514e-03
  8.71524028e-03  1.96498279e-02  2.13130414e-02 -5.81153459e-11
  2.18235049e-02  1.64010916e-02 -1.94481161e-23  2.67200749e-02
 -2.54547413e-05  2.30388790e-02  1.27130840e-02  1.94700826e-02
  1.59309004e-02  9.11793299e-03  1.03138527e-02  1.77824050e-02
  1.36051197e-02  1.52607830e-02  1.32167563e-02  2.03498695e-02
  1.07900593e-02  1.65056102e-02  1.32032428e-02 -6.45753880e-06
  1.74281038e-02  1.94401667e-02  1.29341120e-02  9.29622538e-03
 -9.88404580e-33  1.10109169e-02  1.44100878e-02  2.05214471e-02
  1.50909498e-02 -3.29041475e-04  2.49033254e-02  1.80464610e-02
  2.08462309e-02 -3.80958596e-07  1.48769217e-02  3.98760708e-03
  1.59134604e-02  2.36548297e-02  2.30187774e-02  6.79407828e-03
  1.16915582e-02  1.30605679e-02 -7.84953227e-06  2.56492712e-08
 -2.20075463e-13  1.99737642e-02  1.21016093e-02  2.21826695e-02
  1.83255319e-02 -2.35658209e-03  1.21921916e-02  2.43191309e-02
  1.33142211e-02  1.02108484e-02  1.60994790e-02  1.90385301e-02
  1.25645716e-02  2.10588034e-02  2.20001284e-02  2.31037568e-02
  1.02185961e-02 -6.32428965e-33  9.85180959e-03 -1.21276680e-05]
	Time : 0:00:00.053715
 }

---------------------------------------
Done injections
