Starting log at 2020-10-08 23:52:23.907661

{
	Count : 5
	Injected : [ 8.39258665e-25 -1.42909749e-21  4.61071643e-33  3.32010371e-33
  1.05707240e+00  6.88736215e-02  2.22314391e-02  2.83451581e-33
  4.07962576e-02  4.07991149e-02  7.61920735e-02  1.00949515e-32
  1.03587806e-02  4.09884676e-02 -5.69413294e-10  1.16662495e-32
  1.68827791e-02  1.75761059e-02 -1.73679849e-32  3.99423204e-02
 -8.99375664e-07  7.94823049e-04  6.74552364e-33  4.15299274e-02
 -3.49379035e-33  2.73726881e-02 -4.38876505e-11 -2.25459743e-33
 -1.08035631e-03 -3.82457593e-33 -1.63368247e-02 -4.19306182e-33
 -1.74975637e-02 -5.75231393e-33 -7.97387115e-33  2.30670553e-02]
	OpName : Ops.IDENTITY
	Original : [ 8.39258665e-25 -1.42909749e-21  4.61071643e-33  3.32010371e-33
  5.70723489e-02  6.88736215e-02  2.22314391e-02  2.83451581e-33
  4.07962576e-02  4.07991149e-02  7.61920735e-02  1.00949515e-32
  1.03587806e-02  4.09884676e-02 -5.69413294e-10  1.16662495e-32
  1.68827791e-02  1.75761059e-02 -1.73679849e-32  3.99423204e-02
 -8.99375664e-07  7.94823049e-04  6.74552364e-33  4.15299274e-02
 -3.49379035e-33  2.73726881e-02 -4.38876505e-11 -2.25459743e-33
 -1.08035631e-03 -3.82457593e-33 -1.63368247e-02 -4.19306182e-33
 -1.74975637e-02 -5.75231393e-33 -7.97387115e-33  2.30670553e-02]
	Time : 0:00:00.038949
 }
{
	Count : 22
	Injected : [-1.1812400e-03  5.7760216e-03 -1.4752564e-33  9.9362675e-03
  7.0183711e-18  5.5102734e-03 -1.2061131e-24  4.5444127e-03
  3.1495019e-24  1.5888673e-19 -2.3393447e-14  4.6491311e-34
  5.1202771e+02 -1.0002875e-32 -1.7479342e-33 -3.1998484e-33
  6.9277921e-33 -2.3267243e-05  8.1337663e-33  7.6503046e-33
 -9.9661708e-34  1.3326386e-02 -8.3084960e-24  1.6503305e-33
  1.0596218e-03  5.8582958e-33 -7.6345208e-07 -1.1841760e-04
  1.2963433e-03 -1.6080815e-03  1.0592568e-02 -3.4004755e-03
  7.5209255e-07  6.4667522e-33  2.8921775e-33 -5.0393312e-04
 -8.5417077e-34  1.0606621e-02  1.3009141e-03  2.8539547e-03
  5.1895091e-03  3.8706257e-03 -1.4810461e-16 -6.4868157e-33
  2.8240716e-24  4.3669802e-33  3.6130188e-04 -1.5976628e-02]
	OpName : Ops.IDENTITY
	Original : [-1.1812400e-03  5.7760216e-03 -1.4752564e-33  9.9362675e-03
  7.0183711e-18  5.5102734e-03 -1.2061131e-24  4.5444127e-03
  3.1495019e-24  1.5888673e-19 -2.3393447e-14  4.6491311e-34
  2.7715353e-02 -1.0002875e-32 -1.7479342e-33 -3.1998484e-33
  6.9277921e-33 -2.3267243e-05  8.1337663e-33  7.6503046e-33
 -9.9661708e-34  1.3326386e-02 -8.3084960e-24  1.6503305e-33
  1.0596218e-03  5.8582958e-33 -7.6345208e-07 -1.1841760e-04
  1.2963433e-03 -1.6080815e-03  1.0592568e-02 -3.4004755e-03
  7.5209255e-07  6.4667522e-33  2.8921775e-33 -5.0393312e-04
 -8.5417077e-34  1.0606621e-02  1.3009141e-03  2.8539547e-03
  5.1895091e-03  3.8706257e-03 -1.4810461e-16 -6.4868157e-33
  2.8240716e-24  4.3669802e-33  3.6130188e-04 -1.5976628e-02]
	Time : 0:00:00.079688
 }

---------------------------------------
Done injections
