Starting log at 2020-10-08 23:52:23.926724

{
	Count : 17
	Injected : [[[[ 3.74440593e-03  4.89643496e-03 -2.36667799e-19 ...  6.81260182e-03
    -6.15432646e-06 -1.19562736e-02]
   [ 6.60471013e-03 -1.23844109e-02 -2.45498432e-33 ...  9.81589779e-03
    -3.12750451e-11 -7.20866083e-04]
   [ 7.63819993e-33  7.71882929e-33 -1.02635020e-32 ...  7.00480573e-34
    -1.08939152e-32  1.14278622e-33]
   ...
   [-2.76318076e-03  2.21618917e-03  5.62391983e-33 ... -4.64567030e-03
    -4.15685733e-33  1.07222963e-02]
   [ 8.49144126e-04 -2.36060414e-02  1.50846679e-32 ...  8.68870039e-03
    -3.18470192e-08 -5.71784470e-03]
   [ 1.21737365e-02  4.44771722e-03 -8.04759008e-33 ...  1.13037229e-02
    -1.09319318e-08  4.18248260e-03]]

  [[ 4.26962553e-03  2.00479734e-03 -1.45532816e-21 ... -1.72919724e-02
    -5.61835714e-06 -1.20485099e-02]
   [ 5.69076883e-03  4.30829218e-03 -3.71275666e-33 ... -7.48429121e-03
    -3.16509735e-11  5.17688168e-04]
   [ 8.18443525e-33  5.54087923e-33 -3.92720026e-33 ...  5.37693083e-33
     9.18490143e-34  2.55260391e-32]
   ...
   [-2.06767279e-03  1.26795273e-03 -5.21230946e-33 ... -2.97523825e-03
     2.65624766e-31  1.00520225e-02]
   [ 1.45772251e-03 -2.68745180e-02 -2.66855695e-33 ...  1.11680934e-02
    -3.21385869e-08 -1.03923958e-02]
   [ 2.95198965e-03 -1.65891293e-02  4.50043963e-33 ...  2.43604789e-03
    -1.38160496e-08  3.23101995e-04]]

  [[ 1.45859076e-02 -1.75804365e-02  1.11475601e-22 ... -1.92818157e-02
    -4.88071782e-06 -1.14186248e-02]
   [ 2.72047166e-02  3.69308144e-02  4.73864952e-33 ... -2.35976744e-03
    -2.97740894e-11  1.96825783e-03]
   [ 6.55560196e-33  9.19484538e-34 -2.11392969e-33 ...  7.63796630e-33
     2.78808691e-33 -4.36309708e-33]
   ...
   [-1.63639185e-03  9.07896319e-04 -1.89188542e-33 ... -1.99385933e-04
     3.37087664e-29  9.12543293e-03]
   [ 1.51890693e-02 -2.59070061e-02 -7.56741313e-33 ...  7.76148075e-03
    -3.33981127e-08 -1.25405546e-02]
   [ 8.34083185e-03 -7.72267487e-03 -3.81981114e-33 ...  8.92880931e-03
    -1.59752744e-08 -1.16911973e-03]]]


 [[[ 1.11795673e-02 -9.46104433e-03 -2.45576152e-34 ... -9.09620244e-03
    -3.83325130e-07 -8.41836259e-03]
   [ 7.03180628e-03 -1.76625606e-02  6.31798165e-33 ... -1.36132911e-02
    -5.38951472e-18 -3.62679153e-03]
   [ 8.83740473e-33 -4.49385282e-33  6.48914171e-33 ... -9.63122415e-33
    -7.11890399e-33  2.51392985e-33]
   ...
   [ 3.31630668e-04  2.55524437e-03 -7.66029261e-33 ... -1.81588356e-03
    -8.27171462e-24  4.66897385e-03]
   [ 4.74272121e-04 -7.29189999e-03  8.45008798e-34 ...  1.21335173e-02
    -6.19174557e-07 -6.92418450e-03]
   [-6.10858155e-03 -1.19877029e-02  7.66227772e-33 ... -5.42848511e-03
    -2.82465237e-07 -1.70838786e-03]]

  [[ 8.38641822e-03 -6.84373733e-03 -8.70488170e-33 ... -1.33296903e-02
    -4.14697553e-07 -6.42609829e-03]
   [ 9.37508326e-03  1.68394297e-02  8.93635638e-33 ... -1.04884589e-02
    -1.07279974e-17 -2.23161140e-03]
   [ 8.85973545e-33 -6.16174412e-33  5.10267771e-33 ... -7.05390283e-33
     1.07392047e-32 -9.84399597e-33]
   ...
   [ 5.32754755e-04  7.04778708e-04  9.15563750e-33 ...  1.35218597e-03
    -8.10839911e-24  2.94557610e-03]
   [ 3.93930590e-03 -1.19379675e-02  3.16591118e-33 ...  5.92585141e-03
    -5.72554143e-07 -1.03097735e-02]
   [-1.09688323e-02 -1.40636666e-02 -4.03471428e-33 ... -1.52359763e-02
    -2.58998540e-07 -5.41691901e-03]]

  [[ 2.25411402e-03 -1.79759916e-02  2.85243667e-32 ... -1.01776421e-02
    -4.38497608e-07 -5.37432032e-03]
   [ 3.69453133e-04  1.13147739e-02 -8.81975615e-33 ... -6.62183994e-03
    -2.02112467e-17 -4.12085414e-04]
   [ 3.27681760e-33  1.04097107e-32 -3.71734440e-33 ...  1.07640385e-33
    -2.27493348e-33  5.25011924e-33]
   ...
   [ 5.21028065e-04  1.95952452e-04  7.75703947e-34 ...  2.79189460e-03
    -1.37179930e-23  1.43319182e-03]
   [ 1.19377589e-02 -1.14892563e-02  1.63319787e-35 ... -4.05563507e-03
    -5.63869037e-07 -1.21804867e-02]
   [ 1.05089927e-02 -3.52611067e-03 -8.46776980e-33 ... -4.64424631e-03
    -2.61722619e-07 -7.88504537e-03]]]


 [[[-3.53417769e-02 -8.84643942e-03 -1.56234731e-24 ... -7.47148087e-03
    -1.28553339e-07 -6.87869126e-03]
   [-7.95556139e-03  5.96334320e-03  6.68590697e-33 ... -2.66661216e-03
    -9.35951306e-18 -2.24418007e-03]
   [-7.57744524e-33 -8.10957683e-33  2.41848375e-33 ...  2.19056311e-34
     2.64493208e-34 -2.42605375e-33]
   ...
   [ 2.64574750e-03  3.99890123e-03 -6.51978464e-33 ...  4.93425224e-03
    -1.38187850e-19  7.90335995e-04]
   [-1.11146877e-02 -1.80995893e-02  4.59484799e-33 ... -7.44845206e-03
    -5.03423564e-07 -1.00556398e-02]
   [-1.19668792e-03 -8.58066231e-03 -1.10044815e-32 ... -2.08225269e-02
    -3.93949165e-07 -3.30832833e-03]]

  [[-2.16476228e-02 -9.32700001e-03  8.24626044e-24 ... -9.90765542e-03
    -1.60764316e-07 -6.69961749e-03]
   [-6.93557318e-03  6.96600461e-03 -5.53124899e-33 ... -3.17753665e-03
    -8.62081348e-18 -2.74723605e-03]
   [-7.97767314e-33  1.06057464e-32  1.74836638e-33 ... -2.90035342e-33
     1.07990197e-32 -7.37137226e-33]
   ...
   [ 2.53665121e-03  2.00453820e-03 -9.56862834e-33 ...  3.08725750e-03
    -6.73188211e-20 -4.78316360e-04]
   [ 1.34368928e-03 -1.68122314e-02 -1.53751952e-34 ... -6.62700925e-03
    -4.99922862e-07 -1.05611393e-02]
   [ 6.67404709e-03 -1.11398380e-02 -8.59180576e-33 ... -8.43222998e-03
    -3.59752420e-07 -5.51351206e-03]]

  [[-2.07534358e-02 -6.27572229e-03  6.04432925e-23 ... -7.99474865e-03
    -1.81810577e-07 -5.88279683e-03]
   [ 1.34998339e-03  9.95152537e-03  4.60465602e-33 ... -2.54899263e-04
    -7.03882559e-18 -2.06171232e-03]
   [-1.88656815e-33  6.05095562e-33 -1.45800385e-33 ...  1.13040209e-32
     1.15414539e-32 -1.35816617e-34]
   ...
   [ 2.08851602e-03  1.79783965e-03  6.65413997e-33 ...  5.47131174e-04
    -4.25957432e-20 -1.54116459e-03]
   [ 1.39085017e-02 -1.33983623e-02 -5.19542165e-33 ... -1.09358085e-02
    -5.13726263e-07 -1.12377321e-02]
   [ 4.12701629e-02 -1.02202380e-02 -4.15785870e-33 ...  4.82825376e-03
    -3.47847902e-07 -7.32795708e-03]]]]
	OpName : Ops.IDENTITY
	Original : [[[[ 3.74440593e-03  4.89643496e-03 -2.36667799e-19 ...  6.81260182e-03
    -6.15432646e-06 -1.19562736e-02]
   [ 6.60471013e-03 -1.23844109e-02 -2.45498432e-33 ...  9.81589779e-03
    -3.12750451e-11 -7.20866083e-04]
   [ 7.63819993e-33  7.71882929e-33 -1.02635020e-32 ...  7.00480573e-34
    -1.08939152e-32  1.14278622e-33]
   ...
   [-2.76318076e-03  2.21618917e-03  5.62391983e-33 ... -4.64567030e-03
    -4.15685733e-33  1.07222963e-02]
   [ 8.49144126e-04 -2.36060414e-02  1.50846679e-32 ...  8.68870039e-03
    -3.18470192e-08 -5.71784470e-03]
   [ 1.21737365e-02  4.44771722e-03 -8.04759008e-33 ...  1.13037229e-02
    -1.09319318e-08  4.18248260e-03]]

  [[ 4.26962553e-03  2.00479734e-03 -1.45532816e-21 ... -1.72919724e-02
    -5.61835714e-06 -1.20485099e-02]
   [ 5.69076883e-03  4.30829218e-03 -3.71275666e-33 ... -7.48429121e-03
    -3.16509735e-11  5.17688168e-04]
   [ 8.18443525e-33  5.54087923e-33 -3.92720026e-33 ...  5.37693083e-33
     9.18490143e-34  2.55260391e-32]
   ...
   [-2.06767279e-03  1.26795273e-03 -5.21230946e-33 ... -2.97523825e-03
     2.65624766e-31  1.00520225e-02]
   [ 1.45772251e-03 -2.68745180e-02 -2.66855695e-33 ...  1.11680934e-02
    -3.21385869e-08 -1.03923958e-02]
   [ 2.95198965e-03 -1.65891293e-02  4.50043963e-33 ...  2.43604789e-03
    -1.38160496e-08  3.23101995e-04]]

  [[ 1.45859076e-02 -1.75804365e-02  1.11475601e-22 ... -1.92818157e-02
    -4.88071782e-06 -1.14186248e-02]
   [ 2.72047166e-02  3.69308144e-02  4.73864952e-33 ... -2.35976744e-03
    -2.97740894e-11  1.96825783e-03]
   [ 6.55560196e-33  9.19484538e-34 -2.11392969e-33 ...  7.63796630e-33
     2.78808691e-33 -4.36309708e-33]
   ...
   [-1.63639185e-03  9.07896319e-04 -1.89188542e-33 ... -1.99385933e-04
     3.37087664e-29  9.12543293e-03]
   [ 1.51890693e-02 -2.59070061e-02 -7.56741313e-33 ...  7.76148075e-03
    -3.33981127e-08 -1.25405546e-02]
   [ 8.34083185e-03 -7.72267487e-03 -3.81981114e-33 ...  8.92880931e-03
    -1.59752744e-08 -1.16911973e-03]]]


 [[[ 1.11795673e-02 -9.46104433e-03 -2.45576152e-34 ... -9.09620244e-03
    -3.83325130e-07 -8.41836259e-03]
   [ 7.03180628e-03 -1.76625606e-02  6.31798165e-33 ... -1.36132911e-02
    -5.38951472e-18 -3.62679153e-03]
   [ 8.83740473e-33 -4.49385282e-33  6.48914171e-33 ... -9.63122415e-33
    -7.11890399e-33  2.51392985e-33]
   ...
   [ 3.31630668e-04  2.55524437e-03 -7.66029261e-33 ... -1.81588356e-03
    -8.27171462e-24  4.66897385e-03]
   [ 4.74272121e-04 -7.29189999e-03  8.45008798e-34 ...  1.21335173e-02
    -6.19174557e-07 -6.92418450e-03]
   [-6.10858155e-03 -1.19877029e-02  7.66227772e-33 ... -5.42848511e-03
    -2.82465237e-07 -1.70838786e-03]]

  [[ 8.38641822e-03 -6.84373733e-03 -8.70488170e-33 ... -1.33296903e-02
    -4.14697553e-07 -6.42609829e-03]
   [ 9.37508326e-03  1.68394297e-02  8.93635638e-33 ... -1.04884589e-02
    -1.07279974e-17 -2.23161140e-03]
   [ 8.85973545e-33 -6.16174412e-33  5.10267771e-33 ... -7.05390283e-33
     1.07392047e-32 -9.84399597e-33]
   ...
   [ 5.32754755e-04  7.04778708e-04  9.15563750e-33 ...  1.35218597e-03
    -8.10839911e-24  2.94557610e-03]
   [ 3.93930590e-03 -1.19379675e-02  3.16591118e-33 ...  5.92585141e-03
    -5.72554143e-07 -1.03097735e-02]
   [-1.09688323e-02 -1.40636666e-02 -4.03471428e-33 ... -1.52359763e-02
    -2.58998540e-07 -5.41691901e-03]]

  [[ 2.25411402e-03 -1.79759916e-02  2.85243667e-32 ... -1.01776421e-02
    -4.38497608e-07 -5.37432032e-03]
   [ 3.69453133e-04  1.13147739e-02 -8.81975615e-33 ... -6.62183994e-03
    -2.02112467e-17 -4.12085414e-04]
   [ 3.27681760e-33  1.04097107e-32 -3.71734440e-33 ...  1.07640385e-33
    -2.27493348e-33  5.25011924e-33]
   ...
   [ 5.21028065e-04  1.95952452e-04  7.75703947e-34 ...  2.79189460e-03
    -1.37179930e-23  1.43319182e-03]
   [ 1.19377589e-02 -1.14892563e-02  1.63319787e-35 ... -4.05563507e-03
    -5.63869037e-07 -1.21804867e-02]
   [ 1.05089927e-02 -3.52611067e-03 -8.46776980e-33 ... -4.64424631e-03
    -2.61722619e-07 -7.88504537e-03]]]


 [[[-3.53417769e-02 -8.84643942e-03 -1.56234731e-24 ... -7.47148087e-03
    -1.28553339e-07 -6.87869126e-03]
   [-7.95556139e-03  5.96334320e-03  6.68590697e-33 ... -2.66661216e-03
    -9.35951306e-18 -2.24418007e-03]
   [-7.57744524e-33 -8.10957683e-33  2.41848375e-33 ...  2.19056311e-34
     2.64493208e-34 -2.42605375e-33]
   ...
   [ 2.64574750e-03  3.99890123e-03 -6.51978464e-33 ...  4.93425224e-03
    -1.38187850e-19  7.90335995e-04]
   [-1.11146877e-02 -1.80995893e-02  4.59484799e-33 ... -7.44845206e-03
    -5.03423564e-07 -1.00556398e-02]
   [-1.19668792e-03 -8.58066231e-03 -1.10044815e-32 ... -2.08225269e-02
    -3.93949165e-07 -3.30832833e-03]]

  [[-2.16476228e-02 -9.32700001e-03  8.24626044e-24 ... -9.90765542e-03
    -1.60764316e-07 -6.69961749e-03]
   [-6.93557318e-03  6.96600461e-03 -5.53124899e-33 ... -3.17753665e-03
    -8.62081348e-18 -2.74723605e-03]
   [-7.97767314e-33  1.06057464e-32  1.74836638e-33 ... -2.90035342e-33
     1.07990197e-32 -7.37137226e-33]
   ...
   [ 2.53665121e-03  2.00453820e-03 -9.56862834e-33 ...  3.08725750e-03
    -6.73188211e-20 -4.78316360e-04]
   [ 1.34368928e-03 -1.68122314e-02 -1.53751952e-34 ... -6.62700925e-03
    -4.99922862e-07 -1.05611393e-02]
   [ 6.67404709e-03 -1.11398380e-02 -8.59180576e-33 ... -8.43222998e-03
    -3.59752420e-07 -5.51351206e-03]]

  [[-2.07534358e-02 -6.27572229e-03  6.04432925e-23 ... -7.99474865e-03
    -1.81810577e-07 -5.88279683e-03]
   [ 1.34998339e-03  9.95152537e-03  4.60465602e-33 ... -2.54899263e-04
    -7.03882559e-18 -2.06171232e-03]
   [-1.88656815e-33  6.05095562e-33 -1.45800385e-33 ...  1.13040209e-32
     1.15414539e-32 -1.35816617e-34]
   ...
   [ 2.08851602e-03  1.79783965e-03  6.65413997e-33 ...  5.47131174e-04
    -4.25957432e-20 -1.54116459e-03]
   [ 1.39085017e-02 -1.33983623e-02 -5.19542165e-33 ... -1.09358085e-02
    -5.13726263e-07 -1.12377321e-02]
   [ 4.12701629e-02 -1.02202380e-02 -4.15785870e-33 ...  4.82825376e-03
    -3.47847902e-07 -7.32795708e-03]]]]
	Time : 0:00:00.075661
 }

---------------------------------------
Done injections
