Starting log at 2020-10-08 23:52:23.906198

{
	Count : 4
	Injected : [ 0.00646843  0.00540805  0.00631966  0.00198233 -0.0026495   0.00193805
  0.00378389  0.00377522  0.00353415  0.00393968  0.0040283   0.00632156
  0.00606902  0.00624394  0.00414061  0.00612147  0.00349204  0.00530583
  0.00478492  0.00506788  0.00678605  0.0076118   0.00634243  0.00624411
 -0.00082009  0.00462806  0.00414625  0.00313826  0.00628123  0.00501604
  0.00683886  0.00546121  0.00413964  0.0051857   0.03765143  0.00615788
  0.00560403  0.00690552  0.00273248  0.0046215   0.0069238   0.00039114
  0.00470671  0.00539178  0.01974796  0.00418129  0.00602199  0.03804913
  0.00675901  0.00589737]
	OpName : Ops.IDENTITY
	Original : [ 0.00646843  0.00540805  0.00631966  0.00198233 -0.0026495   0.00193805
  0.00378389  0.00377522  0.00353415  0.00393968  0.0040283   0.00632156
  0.00606902  0.00624394  0.00414061  0.00612147  0.00349204  0.00530583
  0.00478492  0.00506788  0.00678605  0.0076118   0.00634243  0.00624411
 -0.00082009  0.00462806  0.00414625  0.00313826  0.00628123  0.00501604
  0.00683886  0.00546121  0.00413964  0.0051857   0.03765143  0.00615788
  0.00560403  0.00690552  0.00273248  0.0046215   0.0069238   0.00039114
  0.00470671  0.00539178  0.01974796  0.00418129  0.00602199  0.00679913
  0.00675901  0.00589737]
	Time : 0:00:00.038859
 }
{
	Count : 32
	Injected : [[ 8.19248632e-02 -1.74718108e-02  8.15789551e-02 -1.82793271e-02
  -1.84718464e-02  8.75786245e-02  8.22950527e-02  8.83771926e-02
  -1.74893178e-02  8.28369632e-02]
 [-1.54642332e-02  9.74598303e-02 -1.65936798e-02  9.91569236e-02
   9.92995352e-02 -1.49800284e-02 -1.53022809e-02 -1.63196493e-02
   9.35490280e-02 -1.58476811e-02]
 [ 7.05467239e-02 -1.62311736e-02  6.78813308e-02 -1.73564851e-02
  -1.85806323e-02  7.83919245e-02  6.88719451e-02  6.70195967e-02
  -1.63624641e-02  6.81404918e-02]
 [-1.06600616e-02  8.07673708e-02 -9.93928313e-03  8.28945711e-02
   8.69317576e-02 -7.37943780e-03 -9.73677915e-03 -8.97106156e-03
   7.44290873e-02 -1.05744079e-02]
 [ 6.14800900e-02  1.13971956e-01  5.57131916e-02  9.60343406e-02
   1.02681212e-01  6.63986206e-02  5.88007458e-02  8.10418949e-02
   9.83027592e-02  6.42370284e-02]
 [-8.50813871e-04 -2.77299376e-04 -8.16102314e-04 -3.82542203e-04
  -4.96194756e-04 -9.87016363e-04 -7.98471039e-04 -6.59227720e-04
  -3.64754233e-04 -8.06875236e-04]
 [-1.15444474e-02  6.42534792e-02 -1.23517988e-02  6.41798303e-02
   6.15272559e-02 -1.17414622e-02 -1.17232334e-02 -1.32325971e-02
   6.16414994e-02 -1.18563827e-02]
 [-1.69820450e-02  1.46127477e-01 -1.61177032e-02  1.23751953e-01
   1.19160831e-01 -1.73190199e-02 -1.78307947e-02 -2.16159951e-02
   1.18959107e-01 -1.72972661e-02]
 [-1.92048438e-02  1.18125327e-01 -2.01608557e-02  1.16045333e-01
   1.19810864e-01 -1.87129118e-02 -1.90092083e-02 -1.99965853e-02
   1.14803351e-01 -2.00337861e-02]
 [-1.81314778e-02  1.18165582e-01 -1.95856728e-02  1.11132771e-01
   1.06534891e-01 -1.65632274e-02 -1.77961122e-02 -1.86094567e-02
   1.09951138e-01 -1.86194889e-02]
 [ 3.98347192e-02 -8.19486659e-03  3.90563607e-02 -9.19449236e-03
  -9.34838410e-03  4.20620926e-02  3.90191711e-02  3.77824977e-02
  -8.94140359e-03  3.99721339e-02]
 [ 6.25012591e-02 -1.51307909e-02  6.40818030e-02 -1.42961387e-02
  -1.52844097e-02  7.08161816e-02  6.49769977e-02  6.32463098e-02
  -1.46759888e-02  6.30981624e-02]
 [ 8.24370980e-02 -1.98458862e-02  7.86084011e-02 -1.99090969e-02
  -2.14296822e-02  8.80579576e-02  7.98394158e-02  8.67199153e-02
  -1.87045969e-02  8.51916969e-02]
 [ 7.80854076e-02 -2.03610044e-02  7.94997141e-02 -1.93115249e-02
  -2.14764588e-02  7.47982338e-02  7.72693157e-02  8.76420587e-02
  -1.82052385e-02  7.85579383e-02]
 [-1.10842353e-02  6.58406913e-02 -1.18049756e-02  6.85481578e-02
   6.47828430e-02 -3.27680117e+04 -1.18626487e-02 -1.14953723e-02
   6.18353896e-02 -1.14309192e-02]
 [ 7.66758174e-02 -1.59169119e-02  7.36329928e-02 -1.75904352e-02
  -1.66666340e-02  7.98055530e-02  7.78010041e-02  7.95551017e-02
  -1.69792213e-02  7.74473175e-02]
 [-1.62958503e-02  1.02024257e-01 -1.62886605e-02  1.04559891e-01
   1.19823642e-01 -1.50694717e-02 -1.65897775e-02 -1.73168089e-02
   1.03396744e-01 -1.53330425e-02]
 [-1.96361393e-02  1.34938180e-01 -1.91623829e-02  1.22508816e-01
   1.30311131e-01 -1.89456102e-02 -1.86331812e-02 -2.23407894e-02
   1.21692628e-01 -1.97174717e-02]
 [-1.80112403e-02  1.04825079e-01 -1.67990979e-02  1.16933875e-01
   1.28226206e-01 -1.77378841e-02 -1.73303392e-02 -1.91645864e-02
   1.27352774e-01 -1.76353753e-02]
 [-1.67130418e-02  9.72546861e-02 -1.65076982e-02  9.37305540e-02
   9.31765065e-02 -1.50508592e-02 -1.50064332e-02 -1.70538593e-02
   9.44725946e-02 -1.48694916e-02]
 [ 7.64509961e-02 -1.99324135e-02  7.86645636e-02 -1.86889451e-02
  -2.08640285e-02  7.88612887e-02  8.23284686e-02  8.91361386e-02
  -1.82424840e-02  7.27843195e-02]
 [-1.02264974e-02  4.36809696e-02 -1.01953093e-02  4.33581956e-02
   4.06001620e-02 -1.00259557e-02 -1.05122449e-02 -1.04953339e-02
   3.99432145e-02 -1.01707727e-02]
 [ 8.06535557e-02 -2.15223730e-02  8.02025124e-02 -2.05334909e-02
  -2.12021321e-02  8.61814767e-02  8.00968036e-02  8.73758420e-02
  -2.03373395e-02  8.02904516e-02]
 [ 7.68147632e-02 -1.92740541e-02  7.52071142e-02 -1.88179724e-02
  -2.22213566e-02  8.30859765e-02  7.52902478e-02  7.95168579e-02
  -1.89520996e-02  7.90652856e-02]
 [ 2.11540591e-02  1.28570855e-01  1.92397311e-02  1.08315296e-01
   1.12832665e-01  2.38328427e-02  2.01586783e-02  3.42133492e-02
   1.14369035e-01  1.75928585e-02]
 [-2.02261303e-02  1.22611701e-01 -2.05546897e-02  1.20251574e-01
   1.32696271e-01 -1.98459178e-02 -1.99170373e-02 -2.28811391e-02
   1.16286919e-01 -2.05835216e-02]
 [-1.55415405e-02  1.03698596e-01 -1.69223063e-02  1.01127736e-01
   1.03582360e-01 -1.46531612e-02 -1.51271047e-02 -1.60629023e-02
   1.01089865e-01 -1.51596908e-02]
 [-1.70844253e-02  1.02549419e-01 -1.82434134e-02  1.08154409e-01
   1.10261269e-01 -1.58970784e-02 -1.72941070e-02 -1.91405714e-02
   1.07137308e-01 -1.70576759e-02]
 [ 8.07841495e-02 -1.88867487e-02  8.31060484e-02 -1.97410528e-02
  -1.82446465e-02  8.52219835e-02  8.12388584e-02  9.66998115e-02
  -1.85750611e-02  7.47069195e-02]
 [-2.19629821e-03 -7.97632150e-04 -2.02067220e-03 -8.58543033e-04
  -1.40823983e-03 -2.38408404e-03 -2.16943864e-03 -2.10381998e-03
  -8.14172032e-04 -2.15556961e-03]
 [ 7.85880014e-02 -2.12587956e-02  8.48287717e-02 -2.02084854e-02
  -2.21233089e-02  8.51276517e-02  8.07682350e-02  7.73729980e-02
  -2.04398874e-02  8.45026597e-02]
 [ 7.09636360e-02 -1.69629734e-02  7.10768476e-02 -1.81279406e-02
  -1.83029845e-02  8.01772177e-02  7.08011314e-02  7.37985671e-02
  -1.68197136e-02  7.25480318e-02]
 [-1.89617388e-02  1.31673127e-01 -2.08950881e-02  1.30763590e-01
   1.53206766e-01 -1.82392634e-02 -1.87090784e-02 -2.24044323e-02
   1.24701910e-01 -2.12660171e-02]
 [ 6.47160709e-02 -1.71250440e-02  6.68573231e-02 -1.70360599e-02
  -1.65298488e-02  7.13086128e-02  6.55049756e-02  6.45333752e-02
  -1.75022446e-02  6.44996539e-02]
 [-1.46833742e-02 -1.03123598e-02 -1.51015418e-02 -8.62308778e-03
  -1.63903888e-02 -1.71639770e-02 -1.43844476e-02 -1.70449857e-02
  -9.38089564e-03 -1.50055382e-02]
 [ 7.27059543e-02 -1.89994480e-02  7.52245858e-02 -2.01409981e-02
  -2.00587045e-02  7.91779757e-02  7.50968978e-02  6.70938566e-02
  -1.81174297e-02  7.38049075e-02]
 [ 7.21068159e-02 -1.67437606e-02  7.19494522e-02 -1.75640490e-02
  -1.79384965e-02  7.78326616e-02  7.22699910e-02  7.38784373e-02
  -1.62691362e-02  7.34469965e-02]
 [-1.94756240e-02  9.91391838e-02 -2.07981169e-02  1.10467419e-01
   1.23766750e-01 -1.85838100e-02 -2.01308485e-02 -2.16771178e-02
   1.08816609e-01 -2.02464908e-02]
 [-1.66771412e-02  1.17681280e-01 -1.71289463e-02  1.12659819e-01
   1.17576167e-01 -1.37306657e-02 -1.62525810e-02 -1.65536143e-02
   1.14779860e-01 -1.64598208e-02]
 [-1.87279508e-02  1.26927927e-01 -1.77363623e-02  1.14936970e-01
   1.03662990e-01 -1.92583352e-02 -1.87053345e-02 -2.11747214e-02
   1.09424636e-01 -1.78505406e-02]
 [ 8.92229751e-02 -2.12300289e-02  8.23226422e-02 -1.88666563e-02
  -2.31526755e-02  9.37542021e-02  8.39490816e-02  6.24948703e-02
  -1.81793552e-02  8.49126801e-02]
 [-2.16776956e-04 -4.29997308e-05 -1.92137348e-04 -5.59619111e-05
  -1.11821588e-04 -1.87912097e-04 -2.01646923e-04 -1.72003070e-04
  -6.51142545e-05 -1.92872962e-04]
 [-1.44967595e-02  8.31686556e-02 -1.40109789e-02  8.92305970e-02
   9.08691660e-02 -1.30047249e-02 -1.42273102e-02 -1.55151654e-02
   8.41272697e-02 -1.46728912e-02]
 [-2.01664120e-02  1.20280176e-01 -2.00939532e-02  1.20746329e-01
   1.29177511e-01 -2.06847005e-02 -1.92039534e-02 -2.48592496e-02
   1.19088627e-01 -1.92932431e-02]
 [-7.85162859e-03 -5.00274589e-03 -8.15167185e-03 -4.04916797e-03
  -6.96138246e-03 -9.56130959e-03 -8.15969706e-03 -8.56644381e-03
  -5.21180918e-03 -8.17894191e-03]
 [-1.33514134e-02  8.23960975e-02 -1.42418034e-02  8.44253227e-02
   7.71141574e-02 -1.28175933e-02 -1.34087261e-02 -1.33300098e-02
   8.22592378e-02 -1.40551636e-02]
 [ 8.17500427e-02 -1.95538290e-02  7.89293051e-02 -1.93829536e-02
  -2.28454471e-02  8.68597478e-02  7.93818682e-02  8.39257389e-02
  -1.96223985e-02  8.27955529e-02]
 [ 6.54814690e-02 -1.63493380e-02  6.42891750e-02 -1.68838836e-02
  -1.74687505e-02  7.03980401e-02  6.38320744e-02  6.51341975e-02
  -1.57778449e-02  6.46889284e-02]
 [-1.87408887e-02  1.05526872e-01 -1.96992029e-02  1.01595342e-01
   7.83559382e-02 -2.09889170e-02 -1.99167728e-02 -2.13462617e-02
   1.06209651e-01 -1.97736137e-02]
 [ 8.40449035e-02 -2.01918222e-02  7.88875148e-02 -1.95626263e-02
  -1.85478590e-02  8.56596455e-02  7.97762647e-02  8.00335705e-02
  -1.82253662e-02  7.93846548e-02]]
	OpName : Ops.IDENTITY
	Original : [[ 8.19248632e-02 -1.74718108e-02  8.15789551e-02 -1.82793271e-02
  -1.84718464e-02  8.75786245e-02  8.22950527e-02  8.83771926e-02
  -1.74893178e-02  8.28369632e-02]
 [-1.54642332e-02  9.74598303e-02 -1.65936798e-02  9.91569236e-02
   9.92995352e-02 -1.49800284e-02 -1.53022809e-02 -1.63196493e-02
   9.35490280e-02 -1.58476811e-02]
 [ 7.05467239e-02 -1.62311736e-02  6.78813308e-02 -1.73564851e-02
  -1.85806323e-02  7.83919245e-02  6.88719451e-02  6.70195967e-02
  -1.63624641e-02  6.81404918e-02]
 [-1.06600616e-02  8.07673708e-02 -9.93928313e-03  8.28945711e-02
   8.69317576e-02 -7.37943780e-03 -9.73677915e-03 -8.97106156e-03
   7.44290873e-02 -1.05744079e-02]
 [ 6.14800900e-02  1.13971956e-01  5.57131916e-02  9.60343406e-02
   1.02681212e-01  6.63986206e-02  5.88007458e-02  8.10418949e-02
   9.83027592e-02  6.42370284e-02]
 [-8.50813871e-04 -2.77299376e-04 -8.16102314e-04 -3.82542203e-04
  -4.96194756e-04 -9.87016363e-04 -7.98471039e-04 -6.59227720e-04
  -3.64754233e-04 -8.06875236e-04]
 [-1.15444474e-02  6.42534792e-02 -1.23517988e-02  6.41798303e-02
   6.15272559e-02 -1.17414622e-02 -1.17232334e-02 -1.32325971e-02
   6.16414994e-02 -1.18563827e-02]
 [-1.69820450e-02  1.46127477e-01 -1.61177032e-02  1.23751953e-01
   1.19160831e-01 -1.73190199e-02 -1.78307947e-02 -2.16159951e-02
   1.18959107e-01 -1.72972661e-02]
 [-1.92048438e-02  1.18125327e-01 -2.01608557e-02  1.16045333e-01
   1.19810864e-01 -1.87129118e-02 -1.90092083e-02 -1.99965853e-02
   1.14803351e-01 -2.00337861e-02]
 [-1.81314778e-02  1.18165582e-01 -1.95856728e-02  1.11132771e-01
   1.06534891e-01 -1.65632274e-02 -1.77961122e-02 -1.86094567e-02
   1.09951138e-01 -1.86194889e-02]
 [ 3.98347192e-02 -8.19486659e-03  3.90563607e-02 -9.19449236e-03
  -9.34838410e-03  4.20620926e-02  3.90191711e-02  3.77824977e-02
  -8.94140359e-03  3.99721339e-02]
 [ 6.25012591e-02 -1.51307909e-02  6.40818030e-02 -1.42961387e-02
  -1.52844097e-02  7.08161816e-02  6.49769977e-02  6.32463098e-02
  -1.46759888e-02  6.30981624e-02]
 [ 8.24370980e-02 -1.98458862e-02  7.86084011e-02 -1.99090969e-02
  -2.14296822e-02  8.80579576e-02  7.98394158e-02  8.67199153e-02
  -1.87045969e-02  8.51916969e-02]
 [ 7.80854076e-02 -2.03610044e-02  7.94997141e-02 -1.93115249e-02
  -2.14764588e-02  7.47982338e-02  7.72693157e-02  8.76420587e-02
  -1.82052385e-02  7.85579383e-02]
 [-1.10842353e-02  6.58406913e-02 -1.18049756e-02  6.85481578e-02
   6.47828430e-02 -1.10143973e-02 -1.18626487e-02 -1.14953723e-02
   6.18353896e-02 -1.14309192e-02]
 [ 7.66758174e-02 -1.59169119e-02  7.36329928e-02 -1.75904352e-02
  -1.66666340e-02  7.98055530e-02  7.78010041e-02  7.95551017e-02
  -1.69792213e-02  7.74473175e-02]
 [-1.62958503e-02  1.02024257e-01 -1.62886605e-02  1.04559891e-01
   1.19823642e-01 -1.50694717e-02 -1.65897775e-02 -1.73168089e-02
   1.03396744e-01 -1.53330425e-02]
 [-1.96361393e-02  1.34938180e-01 -1.91623829e-02  1.22508816e-01
   1.30311131e-01 -1.89456102e-02 -1.86331812e-02 -2.23407894e-02
   1.21692628e-01 -1.97174717e-02]
 [-1.80112403e-02  1.04825079e-01 -1.67990979e-02  1.16933875e-01
   1.28226206e-01 -1.77378841e-02 -1.73303392e-02 -1.91645864e-02
   1.27352774e-01 -1.76353753e-02]
 [-1.67130418e-02  9.72546861e-02 -1.65076982e-02  9.37305540e-02
   9.31765065e-02 -1.50508592e-02 -1.50064332e-02 -1.70538593e-02
   9.44725946e-02 -1.48694916e-02]
 [ 7.64509961e-02 -1.99324135e-02  7.86645636e-02 -1.86889451e-02
  -2.08640285e-02  7.88612887e-02  8.23284686e-02  8.91361386e-02
  -1.82424840e-02  7.27843195e-02]
 [-1.02264974e-02  4.36809696e-02 -1.01953093e-02  4.33581956e-02
   4.06001620e-02 -1.00259557e-02 -1.05122449e-02 -1.04953339e-02
   3.99432145e-02 -1.01707727e-02]
 [ 8.06535557e-02 -2.15223730e-02  8.02025124e-02 -2.05334909e-02
  -2.12021321e-02  8.61814767e-02  8.00968036e-02  8.73758420e-02
  -2.03373395e-02  8.02904516e-02]
 [ 7.68147632e-02 -1.92740541e-02  7.52071142e-02 -1.88179724e-02
  -2.22213566e-02  8.30859765e-02  7.52902478e-02  7.95168579e-02
  -1.89520996e-02  7.90652856e-02]
 [ 2.11540591e-02  1.28570855e-01  1.92397311e-02  1.08315296e-01
   1.12832665e-01  2.38328427e-02  2.01586783e-02  3.42133492e-02
   1.14369035e-01  1.75928585e-02]
 [-2.02261303e-02  1.22611701e-01 -2.05546897e-02  1.20251574e-01
   1.32696271e-01 -1.98459178e-02 -1.99170373e-02 -2.28811391e-02
   1.16286919e-01 -2.05835216e-02]
 [-1.55415405e-02  1.03698596e-01 -1.69223063e-02  1.01127736e-01
   1.03582360e-01 -1.46531612e-02 -1.51271047e-02 -1.60629023e-02
   1.01089865e-01 -1.51596908e-02]
 [-1.70844253e-02  1.02549419e-01 -1.82434134e-02  1.08154409e-01
   1.10261269e-01 -1.58970784e-02 -1.72941070e-02 -1.91405714e-02
   1.07137308e-01 -1.70576759e-02]
 [ 8.07841495e-02 -1.88867487e-02  8.31060484e-02 -1.97410528e-02
  -1.82446465e-02  8.52219835e-02  8.12388584e-02  9.66998115e-02
  -1.85750611e-02  7.47069195e-02]
 [-2.19629821e-03 -7.97632150e-04 -2.02067220e-03 -8.58543033e-04
  -1.40823983e-03 -2.38408404e-03 -2.16943864e-03 -2.10381998e-03
  -8.14172032e-04 -2.15556961e-03]
 [ 7.85880014e-02 -2.12587956e-02  8.48287717e-02 -2.02084854e-02
  -2.21233089e-02  8.51276517e-02  8.07682350e-02  7.73729980e-02
  -2.04398874e-02  8.45026597e-02]
 [ 7.09636360e-02 -1.69629734e-02  7.10768476e-02 -1.81279406e-02
  -1.83029845e-02  8.01772177e-02  7.08011314e-02  7.37985671e-02
  -1.68197136e-02  7.25480318e-02]
 [-1.89617388e-02  1.31673127e-01 -2.08950881e-02  1.30763590e-01
   1.53206766e-01 -1.82392634e-02 -1.87090784e-02 -2.24044323e-02
   1.24701910e-01 -2.12660171e-02]
 [ 6.47160709e-02 -1.71250440e-02  6.68573231e-02 -1.70360599e-02
  -1.65298488e-02  7.13086128e-02  6.55049756e-02  6.45333752e-02
  -1.75022446e-02  6.44996539e-02]
 [-1.46833742e-02 -1.03123598e-02 -1.51015418e-02 -8.62308778e-03
  -1.63903888e-02 -1.71639770e-02 -1.43844476e-02 -1.70449857e-02
  -9.38089564e-03 -1.50055382e-02]
 [ 7.27059543e-02 -1.89994480e-02  7.52245858e-02 -2.01409981e-02
  -2.00587045e-02  7.91779757e-02  7.50968978e-02  6.70938566e-02
  -1.81174297e-02  7.38049075e-02]
 [ 7.21068159e-02 -1.67437606e-02  7.19494522e-02 -1.75640490e-02
  -1.79384965e-02  7.78326616e-02  7.22699910e-02  7.38784373e-02
  -1.62691362e-02  7.34469965e-02]
 [-1.94756240e-02  9.91391838e-02 -2.07981169e-02  1.10467419e-01
   1.23766750e-01 -1.85838100e-02 -2.01308485e-02 -2.16771178e-02
   1.08816609e-01 -2.02464908e-02]
 [-1.66771412e-02  1.17681280e-01 -1.71289463e-02  1.12659819e-01
   1.17576167e-01 -1.37306657e-02 -1.62525810e-02 -1.65536143e-02
   1.14779860e-01 -1.64598208e-02]
 [-1.87279508e-02  1.26927927e-01 -1.77363623e-02  1.14936970e-01
   1.03662990e-01 -1.92583352e-02 -1.87053345e-02 -2.11747214e-02
   1.09424636e-01 -1.78505406e-02]
 [ 8.92229751e-02 -2.12300289e-02  8.23226422e-02 -1.88666563e-02
  -2.31526755e-02  9.37542021e-02  8.39490816e-02  6.24948703e-02
  -1.81793552e-02  8.49126801e-02]
 [-2.16776956e-04 -4.29997308e-05 -1.92137348e-04 -5.59619111e-05
  -1.11821588e-04 -1.87912097e-04 -2.01646923e-04 -1.72003070e-04
  -6.51142545e-05 -1.92872962e-04]
 [-1.44967595e-02  8.31686556e-02 -1.40109789e-02  8.92305970e-02
   9.08691660e-02 -1.30047249e-02 -1.42273102e-02 -1.55151654e-02
   8.41272697e-02 -1.46728912e-02]
 [-2.01664120e-02  1.20280176e-01 -2.00939532e-02  1.20746329e-01
   1.29177511e-01 -2.06847005e-02 -1.92039534e-02 -2.48592496e-02
   1.19088627e-01 -1.92932431e-02]
 [-7.85162859e-03 -5.00274589e-03 -8.15167185e-03 -4.04916797e-03
  -6.96138246e-03 -9.56130959e-03 -8.15969706e-03 -8.56644381e-03
  -5.21180918e-03 -8.17894191e-03]
 [-1.33514134e-02  8.23960975e-02 -1.42418034e-02  8.44253227e-02
   7.71141574e-02 -1.28175933e-02 -1.34087261e-02 -1.33300098e-02
   8.22592378e-02 -1.40551636e-02]
 [ 8.17500427e-02 -1.95538290e-02  7.89293051e-02 -1.93829536e-02
  -2.28454471e-02  8.68597478e-02  7.93818682e-02  8.39257389e-02
  -1.96223985e-02  8.27955529e-02]
 [ 6.54814690e-02 -1.63493380e-02  6.42891750e-02 -1.68838836e-02
  -1.74687505e-02  7.03980401e-02  6.38320744e-02  6.51341975e-02
  -1.57778449e-02  6.46889284e-02]
 [-1.87408887e-02  1.05526872e-01 -1.96992029e-02  1.01595342e-01
   7.83559382e-02 -2.09889170e-02 -1.99167728e-02 -2.13462617e-02
   1.06209651e-01 -1.97736137e-02]
 [ 8.40449035e-02 -2.01918222e-02  7.88875148e-02 -1.95626263e-02
  -1.85478590e-02  8.56596455e-02  7.97762647e-02  8.00335705e-02
  -1.82253662e-02  7.93846548e-02]]
	Time : 0:00:00.116523
 }

---------------------------------------
Done injections
