Starting log at 2020-10-08 23:52:23.909872

{
	Count : 9
	Injected : [-1.1520339e-03  2.5483854e-02  2.0687922e-33 -3.2776254e-06
  2.0823698e-02 -5.1340333e-04 -5.4676658e-03 -4.0028519e-03
 -4.7124694e-33  3.0753927e-03  8.8561820e-03  3.2198168e-02
  7.3725870e-03 -2.1218877e-04 -5.9366766e-03 -5.3881095e-03
 -1.1272993e-03  9.6228831e-03  2.8743329e-03  3.5764197e-07
  6.3932538e-20  1.0122324e-02  3.3565387e-03 -2.3470332e-03
  5.7170661e-03 -2.6503460e-33 -1.8641518e-33 -8.5856952e-03
  2.5746731e-02 -1.1985728e-11 -9.1219750e-33 -4.9917750e-33
  1.8708419e-02  1.2341677e-02  1.6313018e-02 -4.8244887e-04
  1.8155980e-03 -2.3795121e-05  1.2660583e-02 -8.5379062e-03
  1.4748601e-03  1.6466774e-03  2.0321913e-02 -2.3852734e-16
  8.8170180e-03 -6.6818956e-33 -2.4128561e-03  2.6451028e-03
 -4.2557883e-07  1.1008913e-02 -1.7729269e-06  1.3107202e+05
  8.2748558e-04  1.3179254e-03  4.6921144e-03  2.8206443e-03
 -1.0674769e-33  7.9514682e-03 -7.3449994e-03 -2.5346191e-05
  4.1585751e-03  6.4082067e-03 -3.6056949e-10  5.4399432e-03]
	OpName : Ops.IDENTITY
	Original : [-1.1520339e-03  2.5483854e-02  2.0687922e-33 -3.2776254e-06
  2.0823698e-02 -5.1340333e-04 -5.4676658e-03 -4.0028519e-03
 -4.7124694e-33  3.0753927e-03  8.8561820e-03  3.2198168e-02
  7.3725870e-03 -2.1218877e-04 -5.9366766e-03 -5.3881095e-03
 -1.1272993e-03  9.6228831e-03  2.8743329e-03  3.5764197e-07
  6.3932538e-20  1.0122324e-02  3.3565387e-03 -2.3470332e-03
  5.7170661e-03 -2.6503460e-33 -1.8641518e-33 -8.5856952e-03
  2.5746731e-02 -1.1985728e-11 -9.1219750e-33 -4.9917750e-33
  1.8708419e-02  1.2341677e-02  1.6313018e-02 -4.8244887e-04
  1.8155980e-03 -2.3795121e-05  1.2660583e-02 -8.5379062e-03
  1.4748601e-03  1.6466774e-03  2.0321913e-02 -2.3852734e-16
  8.8170180e-03 -6.6818956e-33 -2.4128561e-03  2.6451028e-03
 -4.2557883e-07  1.1008913e-02 -1.7729269e-06  2.0420380e-02
  8.2748558e-04  1.3179254e-03  4.6921144e-03  2.8206443e-03
 -1.0674769e-33  7.9514682e-03 -7.3449994e-03 -2.5346191e-05
  4.1585751e-03  6.4082067e-03 -3.6056949e-10  5.4399432e-03]
	Time : 0:00:00.047129
 }
{
	Count : 24
	Injected : 1.0
	OpName : Ops.SUB
	Original : 1.0
	Time : 0:00:00.069227
 }
{
	Count : 29
	Injected : 1.0
	OpName : Ops.SUB
	Original : 1.0
	Time : 0:00:00.078375
 }

---------------------------------------
Done injections
